areaType,areaName,areaCode,date,newLFDTests,cumLFDTests
nation,England,E92000001,2021-07-20,480448,119763297
nation,England,E92000001,2021-07-19,790451,119282849
nation,England,E92000001,2021-07-18,815376,118492398
nation,England,E92000001,2021-07-17,417775,117677022
nation,England,E92000001,2021-07-16,581442,117259247
nation,England,E92000001,2021-07-15,781906,116677805
nation,England,E92000001,2021-07-14,878581,115895899
nation,England,E92000001,2021-07-13,575940,115017318
nation,England,E92000001,2021-07-12,830321,114441378
nation,England,E92000001,2021-07-11,866342,113611057
nation,England,E92000001,2021-07-10,402692,112744715
nation,England,E92000001,2021-07-09,543809,112342023
nation,England,E92000001,2021-07-08,760478,111798214
nation,England,E92000001,2021-07-07,903954,111037736
nation,England,E92000001,2021-07-06,617106,110133782
nation,England,E92000001,2021-07-05,910804,109516676
nation,England,E92000001,2021-07-04,1014715,108605872
nation,England,E92000001,2021-07-03,357488,107591157
nation,England,E92000001,2021-07-02,517260,107233669
nation,England,E92000001,2021-07-01,774899,106716409
nation,England,E92000001,2021-06-30,929982,105941510
nation,England,E92000001,2021-06-29,552991,105011528
nation,England,E92000001,2021-06-28,901344,104458537
nation,England,E92000001,2021-06-27,1032212,103557193
nation,England,E92000001,2021-06-26,317972,102524981
nation,England,E92000001,2021-06-25,499490,102207009
nation,England,E92000001,2021-06-24,751386,101707519
nation,England,E92000001,2021-06-23,888948,100956133
nation,England,E92000001,2021-06-22,511830,100067185
nation,England,E92000001,2021-06-21,840638,99555355
nation,England,E92000001,2021-06-20,1008960,98714717
nation,England,E92000001,2021-06-19,297876,97705757
nation,England,E92000001,2021-06-18,469035,97407881
nation,England,E92000001,2021-06-17,740701,96938846
nation,England,E92000001,2021-06-16,859463,96198145
nation,England,E92000001,2021-06-15,489556,95338682
nation,England,E92000001,2021-06-14,830418,94849126
nation,England,E92000001,2021-06-13,947862,94018708
nation,England,E92000001,2021-06-12,277975,93070846
nation,England,E92000001,2021-06-11,450644,92792871
nation,England,E92000001,2021-06-10,686004,92342227
nation,England,E92000001,2021-06-09,850895,91656223
nation,England,E92000001,2021-06-08,445122,90805328
nation,England,E92000001,2021-06-07,798619,90360206
nation,England,E92000001,2021-06-06,1146620,89561587
nation,England,E92000001,2021-06-05,265133,88414967
nation,England,E92000001,2021-06-04,405113,88149834
nation,England,E92000001,2021-06-03,547682,87744721
nation,England,E92000001,2021-06-02,617332,87197039
nation,England,E92000001,2021-06-01,493012,86579707
nation,England,E92000001,2021-05-31,519668,86086695
nation,England,E92000001,2021-05-30,511745,85567027
nation,England,E92000001,2021-05-29,251502,85055282
nation,England,E92000001,2021-05-28,413356,84803780
nation,England,E92000001,2021-05-27,685387,84390424
nation,England,E92000001,2021-05-26,904802,83705037
nation,England,E92000001,2021-05-25,476092,82800235
nation,England,E92000001,2021-05-24,840741,82324143
nation,England,E92000001,2021-05-23,1117122,81483402
nation,England,E92000001,2021-05-22,275874,80366280
nation,England,E92000001,2021-05-21,442509,80090406
nation,England,E92000001,2021-05-20,764195,79647897
nation,England,E92000001,2021-05-19,974223,78883702
nation,England,E92000001,2021-05-18,479660,77909479
nation,England,E92000001,2021-05-17,883680,77429819
nation,England,E92000001,2021-05-16,1119520,76546139
nation,England,E92000001,2021-05-15,240194,75426619
nation,England,E92000001,2021-05-14,422566,75186425
nation,England,E92000001,2021-05-13,762581,74763859
nation,England,E92000001,2021-05-12,988118,74001278
nation,England,E92000001,2021-05-11,460236,73013160
nation,England,E92000001,2021-05-10,875540,72552924
nation,England,E92000001,2021-05-09,1267958,71677384
nation,England,E92000001,2021-05-08,256710,70409426
nation,England,E92000001,2021-05-07,441880,70152716
nation,England,E92000001,2021-05-06,788460,69710836
nation,England,E92000001,2021-05-05,1021037,68922376
nation,England,E92000001,2021-05-04,709651,67901339
nation,England,E92000001,2021-05-03,1064314,67191688
nation,England,E92000001,2021-05-02,788215,66127374
nation,England,E92000001,2021-05-01,257656,65339159
nation,England,E92000001,2021-04-30,427870,65081503
nation,England,E92000001,2021-04-29,834370,64653633
nation,England,E92000001,2021-04-28,1160841,63819263
nation,England,E92000001,2021-04-27,497730,62658422
nation,England,E92000001,2021-04-26,939130,62160692
nation,England,E92000001,2021-04-25,1440290,61221562
nation,England,E92000001,2021-04-24,265815,59781272
nation,England,E92000001,2021-04-23,440853,59515457
nation,England,E92000001,2021-04-22,872447,59074604
nation,England,E92000001,2021-04-21,1193049,58202157
nation,England,E92000001,2021-04-20,492239,57009108
nation,England,E92000001,2021-04-19,955904,56516869
nation,England,E92000001,2021-04-18,1652766,55560965
nation,England,E92000001,2021-04-17,259024,53908199
nation,England,E92000001,2021-04-16,436002,53649175
nation,England,E92000001,2021-04-15,783582,53213173
nation,England,E92000001,2021-04-14,985313,52429591
nation,England,E92000001,2021-04-13,455823,51444278
nation,England,E92000001,2021-04-12,801009,50988455
nation,England,E92000001,2021-04-11,1180431,50187446
nation,England,E92000001,2021-04-10,242802,49007015
nation,England,E92000001,2021-04-09,401009,48764213
nation,England,E92000001,2021-04-08,683414,48363204
nation,England,E92000001,2021-04-07,848275,47679790
nation,England,E92000001,2021-04-06,482932,46831515
nation,England,E92000001,2021-04-05,692811,46348583
nation,England,E92000001,2021-04-04,780983,45655772
nation,England,E92000001,2021-04-03,218784,44874789
nation,England,E92000001,2021-04-02,305692,44656005
nation,England,E92000001,2021-04-01,713422,44350313
nation,England,E92000001,2021-03-31,1080175,43636891
nation,England,E92000001,2021-03-30,300638,42556716
nation,England,E92000001,2021-03-29,310129,42256078
nation,England,E92000001,2021-03-28,2153654,41945949
nation,England,E92000001,2021-03-27,205320,39792295
nation,England,E92000001,2021-03-26,454616,39586975
nation,England,E92000001,2021-03-25,974372,39132359
nation,England,E92000001,2021-03-24,1569638,38157987
nation,England,E92000001,2021-03-23,568399,36588349
nation,England,E92000001,2021-03-22,1071931,36019950
nation,England,E92000001,2021-03-21,1808408,34948019
nation,England,E92000001,2021-03-20,207286,33139611
nation,England,E92000001,2021-03-19,646714,32932325
nation,England,E92000001,2021-03-18,1194179,32285611
nation,England,E92000001,2021-03-17,1381506,31091432
nation,England,E92000001,2021-03-16,1081858,29709926
nation,England,E92000001,2021-03-15,1515685,28628068
nation,England,E92000001,2021-03-14,837480,27112383
nation,England,E92000001,2021-03-13,181934,26274903
nation,England,E92000001,2021-03-12,1195651,26092969
nation,England,E92000001,2021-03-11,1393740,24897318
nation,England,E92000001,2021-03-10,1294865,23503578
nation,England,E92000001,2021-03-09,1197341,22208713
nation,England,E92000001,2021-03-08,1501960,21011372
nation,England,E92000001,2021-03-07,660584,19509412
nation,England,E92000001,2021-03-06,183445,18848828
nation,England,E92000001,2021-03-05,704347,18665383
nation,England,E92000001,2021-03-04,750104,17961036
nation,England,E92000001,2021-03-03,568565,17210932
nation,England,E92000001,2021-03-02,402987,16642367
nation,England,E92000001,2021-03-01,584108,16239380
nation,England,E92000001,2021-02-28,357339,15655272
nation,England,E92000001,2021-02-27,112718,15297933
nation,England,E92000001,2021-02-26,315910,15185215
nation,England,E92000001,2021-02-25,427981,14869305
nation,England,E92000001,2021-02-24,428601,14441324
nation,England,E92000001,2021-02-23,315212,14012723
nation,England,E92000001,2021-02-22,521111,13697511
nation,England,E92000001,2021-02-21,371061,13176400
nation,England,E92000001,2021-02-20,116809,12805339
nation,England,E92000001,2021-02-19,225181,12688530
nation,England,E92000001,2021-02-18,243952,12463349
nation,England,E92000001,2021-02-17,240198,12219397
nation,England,E92000001,2021-02-16,209848,11979199
nation,England,E92000001,2021-02-15,287496,11769351
nation,England,E92000001,2021-02-14,208410,11481855
nation,England,E92000001,2021-02-13,110582,11273445
nation,England,E92000001,2021-02-12,293770,11162863
nation,England,E92000001,2021-02-11,400504,10869093
nation,England,E92000001,2021-02-10,424988,10468589
nation,England,E92000001,2021-02-09,291810,10043601
nation,England,E92000001,2021-02-08,464918,9751791
nation,England,E92000001,2021-02-07,363781,9286873
nation,England,E92000001,2021-02-06,121365,8923092
nation,England,E92000001,2021-02-05,310492,8801727
nation,England,E92000001,2021-02-04,418261,8491235
nation,England,E92000001,2021-02-03,454421,8072974
nation,England,E92000001,2021-02-02,307547,7618553
nation,England,E92000001,2021-02-01,478739,7311006
nation,England,E92000001,2021-01-31,357194,6832267
nation,England,E92000001,2021-01-30,114287,6475073
nation,England,E92000001,2021-01-29,288216,6360786
nation,England,E92000001,2021-01-28,366366,6072570
nation,England,E92000001,2021-01-27,379472,5706204
nation,England,E92000001,2021-01-26,284371,5326732
nation,England,E92000001,2021-01-25,367634,5042361
nation,England,E92000001,2021-01-24,167570,4674727
nation,England,E92000001,2021-01-23,101852,4507157
nation,England,E92000001,2021-01-22,237051,4405305
nation,England,E92000001,2021-01-21,240294,4168254
nation,England,E92000001,2021-01-20,220809,3927960
nation,England,E92000001,2021-01-19,234926,3707151
nation,England,E92000001,2021-01-18,311811,3472225
nation,England,E92000001,2021-01-17,109069,3160414
nation,England,E92000001,2021-01-16,87580,3051345
nation,England,E92000001,2021-01-15,185123,2963765
nation,England,E92000001,2021-01-14,177612,2778642
nation,England,E92000001,2021-01-13,164665,2601030
nation,England,E92000001,2021-01-12,175299,2436365
nation,England,E92000001,2021-01-11,222543,2261066
nation,England,E92000001,2021-01-10,75744,2038523
nation,England,E92000001,2021-01-09,68869,1962779
nation,England,E92000001,2021-01-08,139378,1893910
nation,England,E92000001,2021-01-07,124391,1754532
nation,England,E92000001,2021-01-06,100875,1630141
nation,England,E92000001,2021-01-05,104358,1529266
nation,England,E92000001,2021-01-04,112196,1424908
nation,England,E92000001,2021-01-03,53234,1312712
nation,England,E92000001,2021-01-02,48713,1259478
nation,England,E92000001,2021-01-01,15553,1210765
nation,England,E92000001,2020-12-31,53431,1195212
nation,England,E92000001,2020-12-30,58790,1141781
nation,England,E92000001,2020-12-29,57142,1082991
nation,England,E92000001,2020-12-28,28732,1025849
nation,England,E92000001,2020-12-27,20478,997117
nation,England,E92000001,2020-12-26,7896,976639
nation,England,E92000001,2020-12-25,5699,968743
nation,England,E92000001,2020-12-24,42843,963044
nation,England,E92000001,2020-12-23,62242,920201
nation,England,E92000001,2020-12-22,49103,857959
nation,England,E92000001,2020-12-21,39614,808856
nation,England,E92000001,2020-12-20,23452,769242
nation,England,E92000001,2020-12-19,21864,745790
nation,England,E92000001,2020-12-18,32043,723926
nation,England,E92000001,2020-12-17,23699,691883
nation,England,E92000001,2020-12-16,20754,668184
nation,England,E92000001,2020-12-15,19380,647430
nation,England,E92000001,2020-12-14,22702,628050
nation,England,E92000001,2020-12-13,9411,605348
nation,England,E92000001,2020-12-12,11862,595937
nation,England,E92000001,2020-12-11,28942,584075
nation,England,E92000001,2020-12-10,21242,555133
nation,England,E92000001,2020-12-09,39095,533891
nation,England,E92000001,2020-12-08,36542,494796
nation,England,E92000001,2020-12-07,34677,458254
nation,England,E92000001,2020-12-06,20913,423577
nation,England,E92000001,2020-12-05,27239,402664
nation,England,E92000001,2020-12-04,43537,375425
nation,England,E92000001,2020-12-03,34883,331888
nation,England,E92000001,2020-12-02,27732,297005
nation,England,E92000001,2020-12-01,29418,269273
nation,England,E92000001,2020-11-30,29710,239855
nation,England,E92000001,2020-11-29,6869,210145
nation,England,E92000001,2020-11-28,6545,203276
nation,England,E92000001,2020-11-27,11416,196731
nation,England,E92000001,2020-11-26,9281,185315
nation,England,E92000001,2020-11-25,9449,176034
nation,England,E92000001,2020-11-24,8626,166585
nation,England,E92000001,2020-11-23,12147,157959
nation,England,E92000001,2020-11-22,5733,145812
nation,England,E92000001,2020-11-21,6865,140079
nation,England,E92000001,2020-11-20,8795,133214
nation,England,E92000001,2020-11-19,8692,124419
nation,England,E92000001,2020-11-18,8275,115727
nation,England,E92000001,2020-11-17,10178,107452
nation,England,E92000001,2020-11-16,10445,97274
nation,England,E92000001,2020-11-15,5627,86829
nation,England,E92000001,2020-11-14,7072,81202
nation,England,E92000001,2020-11-13,10010,74130
nation,England,E92000001,2020-11-12,10870,64120
nation,England,E92000001,2020-11-11,12739,53250
nation,England,E92000001,2020-11-10,12535,40511
nation,England,E92000001,2020-11-09,9334,27976
nation,England,E92000001,2020-11-08,6456,18642
nation,England,E92000001,2020-11-07,7410,12186
nation,England,E92000001,2020-11-06,4233,4776
nation,England,E92000001,2020-11-05,115,543
nation,England,E92000001,2020-11-04,157,428
nation,England,E92000001,2020-11-03,113,271
nation,England,E92000001,2020-11-02,14,158
nation,England,E92000001,2020-11-01,0,143
nation,England,E92000001,2020-10-31,0,143
nation,England,E92000001,2020-10-30,68,143
nation,England,E92000001,2020-10-29,6,75
nation,England,E92000001,2020-10-28,47,69
nation,England,E92000001,2020-10-27,2,22
nation,England,E92000001,2020-10-26,5,20
nation,England,E92000001,2020-10-25,1,15
nation,England,E92000001,2020-10-24,1,14
nation,England,E92000001,2020-10-23,9,13
nation,England,E92000001,2020-10-22,2,4
