areaType,areaName,areaCode,date,newLFDTests,cumLFDTests
region,East of England,E12000006,2021-07-19,96161,15507334
region,East of England,E12000006,2021-07-18,113760,15411173
region,East of England,E12000006,2021-07-17,53459,15297413
region,East of England,E12000006,2021-07-16,74419,15243954
region,East of England,E12000006,2021-07-15,102625,15169535
region,East of England,E12000006,2021-07-14,124427,15066910
region,East of England,E12000006,2021-07-13,72364,14942483
region,East of England,E12000006,2021-07-12,107348,14870119
region,East of England,E12000006,2021-07-11,121535,14762771
region,East of England,E12000006,2021-07-10,48563,14641236
region,East of England,E12000006,2021-07-09,66880,14592673
region,East of England,E12000006,2021-07-08,97716,14525793
region,East of England,E12000006,2021-07-07,122974,14428077
region,East of England,E12000006,2021-07-06,75628,14305103
region,East of England,E12000006,2021-07-05,114830,14229475
region,East of England,E12000006,2021-07-04,142360,14114645
region,East of England,E12000006,2021-07-03,44704,13972285
region,East of England,E12000006,2021-07-02,62716,13927581
region,East of England,E12000006,2021-07-01,97764,13864865
region,East of England,E12000006,2021-06-30,125108,13767101
region,East of England,E12000006,2021-06-29,67017,13641993
region,East of England,E12000006,2021-06-28,113757,13574976
region,East of England,E12000006,2021-06-27,140007,13461219
region,East of England,E12000006,2021-06-26,36333,13321212
region,East of England,E12000006,2021-06-25,59239,13284879
region,East of England,E12000006,2021-06-24,93435,13225640
region,East of England,E12000006,2021-06-23,118639,13132205
region,East of England,E12000006,2021-06-22,62550,13013566
region,East of England,E12000006,2021-06-21,106403,12951016
region,East of England,E12000006,2021-06-20,141067,12844613
region,East of England,E12000006,2021-06-19,35127,12703546
region,East of England,E12000006,2021-06-18,56356,12668419
region,East of England,E12000006,2021-06-17,94907,12612063
region,East of England,E12000006,2021-06-16,115349,12517156
region,East of England,E12000006,2021-06-15,60564,12401807
region,East of England,E12000006,2021-06-14,107378,12341243
region,East of England,E12000006,2021-06-13,132308,12233865
region,East of England,E12000006,2021-06-12,33250,12101557
region,East of England,E12000006,2021-06-11,54500,12068307
region,East of England,E12000006,2021-06-10,88074,12013807
region,East of England,E12000006,2021-06-09,117364,11925733
region,East of England,E12000006,2021-06-08,55913,11808369
region,East of England,E12000006,2021-06-07,105742,11752456
region,East of England,E12000006,2021-06-06,163272,11646714
region,East of England,E12000006,2021-06-05,33747,11483442
region,East of England,E12000006,2021-06-04,52212,11449695
region,East of England,E12000006,2021-06-03,73405,11397483
region,East of England,E12000006,2021-06-02,89113,11324078
region,East of England,E12000006,2021-06-01,65343,11234965
region,East of England,E12000006,2021-05-31,71172,11169622
region,East of England,E12000006,2021-05-30,78160,11098450
region,East of England,E12000006,2021-05-29,32527,11020290
region,East of England,E12000006,2021-05-28,53358,10987763
region,East of England,E12000006,2021-05-27,94201,10934405
region,East of England,E12000006,2021-05-26,132914,10840204
region,East of England,E12000006,2021-05-25,62798,10707290
region,East of England,E12000006,2021-05-24,114830,10644492
region,East of England,E12000006,2021-05-23,165587,10529662
region,East of England,E12000006,2021-05-22,37254,10364075
region,East of England,E12000006,2021-05-21,58763,10326821
region,East of England,E12000006,2021-05-20,104731,10268058
region,East of England,E12000006,2021-05-19,145047,10163327
region,East of England,E12000006,2021-05-18,64754,10018280
region,East of England,E12000006,2021-05-17,120054,9953526
region,East of England,E12000006,2021-05-16,161532,9833472
region,East of England,E12000006,2021-05-15,31033,9671940
region,East of England,E12000006,2021-05-14,54413,9640907
region,East of England,E12000006,2021-05-13,104805,9586494
region,East of England,E12000006,2021-05-12,144769,9481689
region,East of England,E12000006,2021-05-11,60490,9336920
region,East of England,E12000006,2021-05-10,118657,9276430
region,East of England,E12000006,2021-05-09,183653,9157773
region,East of England,E12000006,2021-05-08,33986,8974120
region,East of England,E12000006,2021-05-07,57286,8940134
region,East of England,E12000006,2021-05-06,108366,8882848
region,East of England,E12000006,2021-05-05,147874,8774482
region,East of England,E12000006,2021-05-04,93561,8626608
region,East of England,E12000006,2021-05-03,145890,8533047
region,East of England,E12000006,2021-05-02,119279,8387157
region,East of England,E12000006,2021-05-01,33741,8267878
region,East of England,E12000006,2021-04-30,55623,8234137
region,East of England,E12000006,2021-04-29,113298,8178514
region,East of England,E12000006,2021-04-28,167391,8065216
region,East of England,E12000006,2021-04-27,65284,7897825
region,East of England,E12000006,2021-04-26,126028,7832541
region,East of England,E12000006,2021-04-25,211771,7706513
region,East of England,E12000006,2021-04-24,35584,7494742
region,East of England,E12000006,2021-04-23,57431,7459158
region,East of England,E12000006,2021-04-22,118762,7401727
region,East of England,E12000006,2021-04-21,173232,7282965
region,East of England,E12000006,2021-04-20,66243,7109733
region,East of England,E12000006,2021-04-19,127455,7043490
region,East of England,E12000006,2021-04-18,221390,6916035
region,East of England,E12000006,2021-04-17,33454,6694645
region,East of England,E12000006,2021-04-16,57486,6661191
region,East of England,E12000006,2021-04-15,121679,6603705
region,East of England,E12000006,2021-04-14,174774,6482026
region,East of England,E12000006,2021-04-13,60686,6307252
region,East of England,E12000006,2021-04-12,120216,6246566
region,East of England,E12000006,2021-04-11,239077,6126350
region,East of England,E12000006,2021-04-10,31883,5887273
region,East of England,E12000006,2021-04-09,53279,5855390
region,East of England,E12000006,2021-04-08,95431,5802111
region,East of England,E12000006,2021-04-07,124854,5706680
region,East of England,E12000006,2021-04-06,64254,5581826
region,East of England,E12000006,2021-04-05,96091,5517572
region,East of England,E12000006,2021-04-04,116848,5421481
region,East of England,E12000006,2021-04-03,29775,5304633
region,East of England,E12000006,2021-04-02,43504,5274858
region,East of England,E12000006,2021-04-01,98011,5231354
region,East of England,E12000006,2021-03-31,130713,5133343
region,East of England,E12000006,2021-03-30,35253,5002630
region,East of England,E12000006,2021-03-29,35865,4967377
region,East of England,E12000006,2021-03-28,236584,4931512
region,East of England,E12000006,2021-03-27,26214,4694928
region,East of England,E12000006,2021-03-26,56167,4668714
region,East of England,E12000006,2021-03-25,123675,4612547
region,East of England,E12000006,2021-03-24,208062,4488872
region,East of England,E12000006,2021-03-23,71786,4280810
region,East of England,E12000006,2021-03-22,135991,4209024
region,East of England,E12000006,2021-03-21,243133,4073033
region,East of England,E12000006,2021-03-20,27304,3829900
region,East of England,E12000006,2021-03-19,80748,3802596
region,East of England,E12000006,2021-03-18,152129,3721848
region,East of England,E12000006,2021-03-17,174980,3569719
region,East of England,E12000006,2021-03-16,129262,3394739
region,East of England,E12000006,2021-03-15,181026,3265477
region,East of England,E12000006,2021-03-14,115286,3084451
region,East of England,E12000006,2021-03-13,24685,2969165
region,East of England,E12000006,2021-03-12,139325,2944480
region,East of England,E12000006,2021-03-11,162356,2805155
region,East of England,E12000006,2021-03-10,163633,2642799
region,East of England,E12000006,2021-03-09,139518,2479166
region,East of England,E12000006,2021-03-08,175021,2339648
region,East of England,E12000006,2021-03-07,97357,2164627
region,East of England,E12000006,2021-03-06,26687,2067270
region,East of England,E12000006,2021-03-05,84026,2040583
region,East of England,E12000006,2021-03-04,88246,1956557
region,East of England,E12000006,2021-03-03,70310,1868311
region,East of England,E12000006,2021-03-02,46326,1798001
region,East of England,E12000006,2021-03-01,67859,1751675
region,East of England,E12000006,2021-02-28,46032,1683816
region,East of England,E12000006,2021-02-27,12784,1637784
region,East of England,E12000006,2021-02-26,35450,1625000
region,East of England,E12000006,2021-02-25,48080,1589550
region,East of England,E12000006,2021-02-24,52005,1541470
region,East of England,E12000006,2021-02-23,34063,1489465
region,East of England,E12000006,2021-02-22,57529,1455402
region,East of England,E12000006,2021-02-21,46528,1397873
region,East of England,E12000006,2021-02-20,12525,1351345
region,East of England,E12000006,2021-02-19,24237,1338820
region,East of England,E12000006,2021-02-18,26436,1314583
region,East of England,E12000006,2021-02-17,28310,1288147
region,East of England,E12000006,2021-02-16,22260,1259837
region,East of England,E12000006,2021-02-15,31105,1237577
region,East of England,E12000006,2021-02-14,26246,1206472
region,East of England,E12000006,2021-02-13,12409,1180226
region,East of England,E12000006,2021-02-12,32162,1167817
region,East of England,E12000006,2021-02-11,43151,1135655
region,East of England,E12000006,2021-02-10,51106,1092504
region,East of England,E12000006,2021-02-09,28985,1041398
region,East of England,E12000006,2021-02-08,42807,1012413
region,East of England,E12000006,2021-02-07,44173,969606
region,East of England,E12000006,2021-02-06,13244,925433
region,East of England,E12000006,2021-02-05,33707,912189
region,East of England,E12000006,2021-02-04,45009,878482
region,East of England,E12000006,2021-02-03,53865,833473
region,East of England,E12000006,2021-02-02,33492,779608
region,East of England,E12000006,2021-02-01,52192,746116
region,East of England,E12000006,2021-01-31,45074,693924
region,East of England,E12000006,2021-01-30,11994,648850
region,East of England,E12000006,2021-01-29,31274,636856
region,East of England,E12000006,2021-01-28,39709,605582
region,East of England,E12000006,2021-01-27,45618,565873
region,East of England,E12000006,2021-01-26,30593,520255
region,East of England,E12000006,2021-01-25,40523,489662
region,East of England,E12000006,2021-01-24,18658,449139
region,East of England,E12000006,2021-01-23,10065,430481
region,East of England,E12000006,2021-01-22,24087,420416
region,East of England,E12000006,2021-01-21,26336,396329
region,East of England,E12000006,2021-01-20,23244,369993
region,East of England,E12000006,2021-01-19,23862,346749
region,East of England,E12000006,2021-01-18,33317,322887
region,East of England,E12000006,2021-01-17,11801,289570
region,East of England,E12000006,2021-01-16,8002,277769
region,East of England,E12000006,2021-01-15,18803,269767
region,East of England,E12000006,2021-01-14,18052,250964
region,East of England,E12000006,2021-01-13,16539,232912
region,East of England,E12000006,2021-01-12,17207,216373
region,East of England,E12000006,2021-01-11,22185,199166
region,East of England,E12000006,2021-01-10,6578,176981
region,East of England,E12000006,2021-01-09,6099,170403
region,East of England,E12000006,2021-01-08,13889,164304
region,East of England,E12000006,2021-01-07,12764,150415
region,East of England,E12000006,2021-01-06,10616,137651
region,East of England,E12000006,2021-01-05,11231,127035
region,East of England,E12000006,2021-01-04,10782,115804
region,East of England,E12000006,2021-01-03,5782,105022
region,East of England,E12000006,2021-01-02,5181,99240
region,East of England,E12000006,2021-01-01,1992,94059
region,East of England,E12000006,2020-12-31,5928,92067
region,East of England,E12000006,2020-12-30,6391,86139
region,East of England,E12000006,2020-12-29,7129,79748
region,East of England,E12000006,2020-12-28,3029,72619
region,East of England,E12000006,2020-12-27,1585,69590
region,East of England,E12000006,2020-12-26,652,68005
region,East of England,E12000006,2020-12-25,509,67353
region,East of England,E12000006,2020-12-24,2837,66844
region,East of England,E12000006,2020-12-23,5347,64007
region,East of England,E12000006,2020-12-22,4313,58660
region,East of England,E12000006,2020-12-21,3370,54347
region,East of England,E12000006,2020-12-20,2378,50977
region,East of England,E12000006,2020-12-19,2360,48599
region,East of England,E12000006,2020-12-18,3123,46239
region,East of England,E12000006,2020-12-17,2743,43116
region,East of England,E12000006,2020-12-16,2252,40373
region,East of England,E12000006,2020-12-15,2005,38121
region,East of England,E12000006,2020-12-14,2299,36116
region,East of England,E12000006,2020-12-13,1239,33817
region,East of England,E12000006,2020-12-12,1190,32578
region,East of England,E12000006,2020-12-11,1951,31388
region,East of England,E12000006,2020-12-10,1689,29437
region,East of England,E12000006,2020-12-09,3167,27748
region,East of England,E12000006,2020-12-08,2653,24581
region,East of England,E12000006,2020-12-07,2500,21928
region,East of England,E12000006,2020-12-06,1643,19428
region,East of England,E12000006,2020-12-05,2117,17785
region,East of England,E12000006,2020-12-04,3774,15668
region,East of England,E12000006,2020-12-03,3136,11894
region,East of England,E12000006,2020-12-02,2399,8758
region,East of England,E12000006,2020-12-01,2360,6359
region,East of England,E12000006,2020-11-30,2431,3999
region,East of England,E12000006,2020-11-29,334,1568
region,East of England,E12000006,2020-11-28,22,1234
region,East of England,E12000006,2020-11-27,221,1212
region,East of England,E12000006,2020-11-26,115,991
region,East of England,E12000006,2020-11-25,81,876
region,East of England,E12000006,2020-11-24,99,795
region,East of England,E12000006,2020-11-23,88,696
region,East of England,E12000006,2020-11-22,9,608
region,East of England,E12000006,2020-11-21,10,599
region,East of England,E12000006,2020-11-20,74,589
region,East of England,E12000006,2020-11-19,83,515
region,East of England,E12000006,2020-11-18,66,432
region,East of England,E12000006,2020-11-17,93,366
region,East of England,E12000006,2020-11-16,66,273
region,East of England,E12000006,2020-11-15,7,207
region,East of England,E12000006,2020-11-14,7,200
region,East of England,E12000006,2020-11-13,38,193
region,East of England,E12000006,2020-11-12,28,155
region,East of England,E12000006,2020-11-11,36,127
region,East of England,E12000006,2020-11-10,12,91
region,East of England,E12000006,2020-11-09,20,79
region,East of England,E12000006,2020-11-08,2,59
region,East of England,E12000006,2020-11-07,2,57
region,East of England,E12000006,2020-11-06,6,55
region,East of England,E12000006,2020-11-05,13,49
region,East of England,E12000006,2020-11-04,25,36
region,East of England,E12000006,2020-11-03,4,11
region,East of England,E12000006,2020-11-02,5,7
region,East of England,E12000006,2020-11-01,0,2
region,East of England,E12000006,2020-10-31,0,2
region,East of England,E12000006,2020-10-30,0,2
region,East of England,E12000006,2020-10-29,2,2
