areaType,areaName,areaCode,date,newLFDTests,cumLFDTests
region,East Midlands,E12000004,2021-07-19,61150,10568217
region,East Midlands,E12000004,2021-07-18,72776,10507067
region,East Midlands,E12000004,2021-07-17,33360,10434291
region,East Midlands,E12000004,2021-07-16,47117,10400931
region,East Midlands,E12000004,2021-07-15,67083,10353814
region,East Midlands,E12000004,2021-07-14,74946,10286731
region,East Midlands,E12000004,2021-07-13,45622,10211785
region,East Midlands,E12000004,2021-07-12,67961,10166163
region,East Midlands,E12000004,2021-07-11,71482,10098202
region,East Midlands,E12000004,2021-07-10,28664,10026720
region,East Midlands,E12000004,2021-07-09,40922,9998056
region,East Midlands,E12000004,2021-07-08,61122,9957134
region,East Midlands,E12000004,2021-07-07,77598,9896012
region,East Midlands,E12000004,2021-07-06,46872,9818414
region,East Midlands,E12000004,2021-07-05,73038,9771542
region,East Midlands,E12000004,2021-07-04,89454,9698504
region,East Midlands,E12000004,2021-07-03,27692,9609050
region,East Midlands,E12000004,2021-07-02,40447,9581358
region,East Midlands,E12000004,2021-07-01,63302,9540911
region,East Midlands,E12000004,2021-06-30,81477,9477609
region,East Midlands,E12000004,2021-06-29,42185,9396132
region,East Midlands,E12000004,2021-06-28,73834,9353947
region,East Midlands,E12000004,2021-06-27,90598,9280113
region,East Midlands,E12000004,2021-06-26,24280,9189515
region,East Midlands,E12000004,2021-06-25,38537,9165235
region,East Midlands,E12000004,2021-06-24,62351,9126698
region,East Midlands,E12000004,2021-06-23,77791,9064347
region,East Midlands,E12000004,2021-06-22,41544,8986556
region,East Midlands,E12000004,2021-06-21,69412,8945012
region,East Midlands,E12000004,2021-06-20,91253,8875600
region,East Midlands,E12000004,2021-06-19,22654,8784347
region,East Midlands,E12000004,2021-06-18,38702,8761693
region,East Midlands,E12000004,2021-06-17,62108,8722991
region,East Midlands,E12000004,2021-06-16,77543,8660883
region,East Midlands,E12000004,2021-06-15,39484,8583340
region,East Midlands,E12000004,2021-06-14,70008,8543856
region,East Midlands,E12000004,2021-06-13,86833,8473848
region,East Midlands,E12000004,2021-06-12,21740,8387015
region,East Midlands,E12000004,2021-06-11,35506,8365275
region,East Midlands,E12000004,2021-06-10,58841,8329769
region,East Midlands,E12000004,2021-06-09,80221,8270928
region,East Midlands,E12000004,2021-06-08,35600,8190707
region,East Midlands,E12000004,2021-06-07,66976,8155107
region,East Midlands,E12000004,2021-06-06,110301,8088131
region,East Midlands,E12000004,2021-06-05,21948,7977830
region,East Midlands,E12000004,2021-06-04,33980,7955882
region,East Midlands,E12000004,2021-06-03,47669,7921902
region,East Midlands,E12000004,2021-06-02,57737,7874233
region,East Midlands,E12000004,2021-06-01,40791,7816496
region,East Midlands,E12000004,2021-05-31,46365,7775705
region,East Midlands,E12000004,2021-05-30,49475,7729340
region,East Midlands,E12000004,2021-05-29,20891,7679865
region,East Midlands,E12000004,2021-05-28,35394,7658974
region,East Midlands,E12000004,2021-05-27,61535,7623580
region,East Midlands,E12000004,2021-05-26,88811,7562045
region,East Midlands,E12000004,2021-05-25,41238,7473234
region,East Midlands,E12000004,2021-05-24,74183,7431996
region,East Midlands,E12000004,2021-05-23,107501,7357813
region,East Midlands,E12000004,2021-05-22,23412,7250312
region,East Midlands,E12000004,2021-05-21,38005,7226900
region,East Midlands,E12000004,2021-05-20,68721,7188895
region,East Midlands,E12000004,2021-05-19,95448,7120174
region,East Midlands,E12000004,2021-05-18,41324,7024726
region,East Midlands,E12000004,2021-05-17,78889,6983402
region,East Midlands,E12000004,2021-05-16,106557,6904513
region,East Midlands,E12000004,2021-05-15,20457,6797956
region,East Midlands,E12000004,2021-05-14,38968,6777499
region,East Midlands,E12000004,2021-05-13,71240,6738531
region,East Midlands,E12000004,2021-05-12,97712,6667291
region,East Midlands,E12000004,2021-05-11,40018,6569579
region,East Midlands,E12000004,2021-05-10,77372,6529561
region,East Midlands,E12000004,2021-05-09,122112,6452189
region,East Midlands,E12000004,2021-05-08,21788,6330077
region,East Midlands,E12000004,2021-05-07,38682,6308289
region,East Midlands,E12000004,2021-05-06,71861,6269607
region,East Midlands,E12000004,2021-05-05,100501,6197746
region,East Midlands,E12000004,2021-05-04,61234,6097245
region,East Midlands,E12000004,2021-05-03,95319,6036011
region,East Midlands,E12000004,2021-05-02,79883,5940692
region,East Midlands,E12000004,2021-05-01,21688,5860809
region,East Midlands,E12000004,2021-04-30,36607,5839121
region,East Midlands,E12000004,2021-04-29,74436,5802514
region,East Midlands,E12000004,2021-04-28,113180,5728078
region,East Midlands,E12000004,2021-04-27,43613,5614898
region,East Midlands,E12000004,2021-04-26,82038,5571285
region,East Midlands,E12000004,2021-04-25,138243,5489247
region,East Midlands,E12000004,2021-04-24,22799,5351004
region,East Midlands,E12000004,2021-04-23,37400,5328205
region,East Midlands,E12000004,2021-04-22,78357,5290805
region,East Midlands,E12000004,2021-04-21,116403,5212448
region,East Midlands,E12000004,2021-04-20,41477,5096045
region,East Midlands,E12000004,2021-04-19,82271,5054568
region,East Midlands,E12000004,2021-04-18,154653,4972297
region,East Midlands,E12000004,2021-04-17,21400,4817644
region,East Midlands,E12000004,2021-04-16,37393,4796244
region,East Midlands,E12000004,2021-04-15,71098,4758851
region,East Midlands,E12000004,2021-04-14,98389,4687753
region,East Midlands,E12000004,2021-04-13,38714,4589364
region,East Midlands,E12000004,2021-04-12,70615,4550650
region,East Midlands,E12000004,2021-04-11,119782,4480035
region,East Midlands,E12000004,2021-04-10,20704,4360253
region,East Midlands,E12000004,2021-04-09,34460,4339549
region,East Midlands,E12000004,2021-04-08,61725,4305089
region,East Midlands,E12000004,2021-04-07,83841,4243364
region,East Midlands,E12000004,2021-04-06,39787,4159523
region,East Midlands,E12000004,2021-04-05,63784,4119736
region,East Midlands,E12000004,2021-04-04,76938,4055952
region,East Midlands,E12000004,2021-04-03,18067,3979014
region,East Midlands,E12000004,2021-04-02,27191,3960947
region,East Midlands,E12000004,2021-04-01,66179,3933756
region,East Midlands,E12000004,2021-03-31,101711,3867577
region,East Midlands,E12000004,2021-03-30,26123,3765866
region,East Midlands,E12000004,2021-03-29,26114,3739743
region,East Midlands,E12000004,2021-03-28,195782,3713629
region,East Midlands,E12000004,2021-03-27,17274,3517847
region,East Midlands,E12000004,2021-03-26,40380,3500573
region,East Midlands,E12000004,2021-03-25,86918,3460193
region,East Midlands,E12000004,2021-03-24,149647,3373275
region,East Midlands,E12000004,2021-03-23,48759,3223628
region,East Midlands,E12000004,2021-03-22,92478,3174869
region,East Midlands,E12000004,2021-03-21,166316,3082391
region,East Midlands,E12000004,2021-03-20,17867,2916075
region,East Midlands,E12000004,2021-03-19,58552,2898208
region,East Midlands,E12000004,2021-03-18,105583,2839656
region,East Midlands,E12000004,2021-03-17,125159,2734073
region,East Midlands,E12000004,2021-03-16,95979,2608914
region,East Midlands,E12000004,2021-03-15,133533,2512935
region,East Midlands,E12000004,2021-03-14,78422,2379402
region,East Midlands,E12000004,2021-03-13,15845,2300980
region,East Midlands,E12000004,2021-03-12,103203,2285135
region,East Midlands,E12000004,2021-03-11,122318,2181932
region,East Midlands,E12000004,2021-03-10,122546,2059614
region,East Midlands,E12000004,2021-03-09,102286,1937068
region,East Midlands,E12000004,2021-03-08,126491,1834782
region,East Midlands,E12000004,2021-03-07,62844,1708291
region,East Midlands,E12000004,2021-03-06,16055,1645447
region,East Midlands,E12000004,2021-03-05,62759,1629392
region,East Midlands,E12000004,2021-03-04,70366,1566633
region,East Midlands,E12000004,2021-03-03,57706,1496267
region,East Midlands,E12000004,2021-03-02,37138,1438561
region,East Midlands,E12000004,2021-03-01,53683,1401423
region,East Midlands,E12000004,2021-02-28,36315,1347740
region,East Midlands,E12000004,2021-02-27,9906,1311425
region,East Midlands,E12000004,2021-02-26,28115,1301519
region,East Midlands,E12000004,2021-02-25,41481,1273404
region,East Midlands,E12000004,2021-02-24,44050,1231923
region,East Midlands,E12000004,2021-02-23,29077,1187873
region,East Midlands,E12000004,2021-02-22,47656,1158796
region,East Midlands,E12000004,2021-02-21,38019,1111140
region,East Midlands,E12000004,2021-02-20,9910,1073121
region,East Midlands,E12000004,2021-02-19,20111,1063211
region,East Midlands,E12000004,2021-02-18,22902,1043100
region,East Midlands,E12000004,2021-02-17,23381,1020198
region,East Midlands,E12000004,2021-02-16,19037,996817
region,East Midlands,E12000004,2021-02-15,26568,977780
region,East Midlands,E12000004,2021-02-14,22345,951212
region,East Midlands,E12000004,2021-02-13,9579,928867
region,East Midlands,E12000004,2021-02-12,27143,919288
region,East Midlands,E12000004,2021-02-11,38881,892145
region,East Midlands,E12000004,2021-02-10,42428,853264
region,East Midlands,E12000004,2021-02-09,26187,810836
region,East Midlands,E12000004,2021-02-08,41175,784649
region,East Midlands,E12000004,2021-02-07,36372,743474
region,East Midlands,E12000004,2021-02-06,9247,707102
region,East Midlands,E12000004,2021-02-05,26634,697855
region,East Midlands,E12000004,2021-02-04,39353,671221
region,East Midlands,E12000004,2021-02-03,44384,631868
region,East Midlands,E12000004,2021-02-02,26908,587484
region,East Midlands,E12000004,2021-02-01,42829,560576
region,East Midlands,E12000004,2021-01-31,35296,517747
region,East Midlands,E12000004,2021-01-30,9232,482451
region,East Midlands,E12000004,2021-01-29,25219,473219
region,East Midlands,E12000004,2021-01-28,33514,448000
region,East Midlands,E12000004,2021-01-27,36839,414486
region,East Midlands,E12000004,2021-01-26,25866,377647
region,East Midlands,E12000004,2021-01-25,26105,351781
region,East Midlands,E12000004,2021-01-24,14345,325676
region,East Midlands,E12000004,2021-01-23,7980,311331
region,East Midlands,E12000004,2021-01-22,20926,303351
region,East Midlands,E12000004,2021-01-21,21505,282425
region,East Midlands,E12000004,2021-01-20,19661,260920
region,East Midlands,E12000004,2021-01-19,20343,241259
region,East Midlands,E12000004,2021-01-18,26976,220916
region,East Midlands,E12000004,2021-01-17,7675,193940
region,East Midlands,E12000004,2021-01-16,5230,186265
region,East Midlands,E12000004,2021-01-15,14574,181035
region,East Midlands,E12000004,2021-01-14,14105,166461
region,East Midlands,E12000004,2021-01-13,12551,152356
region,East Midlands,E12000004,2021-01-12,13363,139805
region,East Midlands,E12000004,2021-01-11,17148,126442
region,East Midlands,E12000004,2021-01-10,4010,109294
region,East Midlands,E12000004,2021-01-09,3524,105284
region,East Midlands,E12000004,2021-01-08,10417,101760
region,East Midlands,E12000004,2021-01-07,8781,91343
region,East Midlands,E12000004,2021-01-06,6951,82562
region,East Midlands,E12000004,2021-01-05,7652,75611
region,East Midlands,E12000004,2021-01-04,6969,67959
region,East Midlands,E12000004,2021-01-03,2314,60990
region,East Midlands,E12000004,2021-01-02,1986,58676
region,East Midlands,E12000004,2021-01-01,947,56690
region,East Midlands,E12000004,2020-12-31,2757,55743
region,East Midlands,E12000004,2020-12-30,2798,52986
region,East Midlands,E12000004,2020-12-29,3133,50188
region,East Midlands,E12000004,2020-12-28,1699,47055
region,East Midlands,E12000004,2020-12-27,336,45356
region,East Midlands,E12000004,2020-12-26,362,45020
region,East Midlands,E12000004,2020-12-25,485,44658
region,East Midlands,E12000004,2020-12-24,1051,44173
region,East Midlands,E12000004,2020-12-23,2280,43122
region,East Midlands,E12000004,2020-12-22,2037,40842
region,East Midlands,E12000004,2020-12-21,1759,38805
region,East Midlands,E12000004,2020-12-20,351,37046
region,East Midlands,E12000004,2020-12-19,418,36695
region,East Midlands,E12000004,2020-12-18,999,36277
region,East Midlands,E12000004,2020-12-17,768,35278
region,East Midlands,E12000004,2020-12-16,547,34510
region,East Midlands,E12000004,2020-12-15,391,33963
region,East Midlands,E12000004,2020-12-14,458,33572
region,East Midlands,E12000004,2020-12-13,135,33114
region,East Midlands,E12000004,2020-12-12,235,32979
region,East Midlands,E12000004,2020-12-11,705,32744
region,East Midlands,E12000004,2020-12-10,523,32039
region,East Midlands,E12000004,2020-12-09,3772,31516
region,East Midlands,E12000004,2020-12-08,2353,27744
region,East Midlands,E12000004,2020-12-07,2823,25391
region,East Midlands,E12000004,2020-12-06,1141,22568
region,East Midlands,E12000004,2020-12-05,1503,21427
region,East Midlands,E12000004,2020-12-04,4693,19924
region,East Midlands,E12000004,2020-12-03,3494,15231
region,East Midlands,E12000004,2020-12-02,2571,11737
region,East Midlands,E12000004,2020-12-01,2821,9166
region,East Midlands,E12000004,2020-11-30,2986,6345
region,East Midlands,E12000004,2020-11-29,25,3359
region,East Midlands,E12000004,2020-11-28,30,3334
region,East Midlands,E12000004,2020-11-27,706,3304
region,East Midlands,E12000004,2020-11-26,265,2598
region,East Midlands,E12000004,2020-11-25,253,2333
region,East Midlands,E12000004,2020-11-24,299,2080
region,East Midlands,E12000004,2020-11-23,270,1781
region,East Midlands,E12000004,2020-11-22,6,1511
region,East Midlands,E12000004,2020-11-21,6,1505
region,East Midlands,E12000004,2020-11-20,276,1499
region,East Midlands,E12000004,2020-11-19,175,1223
region,East Midlands,E12000004,2020-11-18,205,1048
region,East Midlands,E12000004,2020-11-17,187,843
region,East Midlands,E12000004,2020-11-16,202,656
region,East Midlands,E12000004,2020-11-15,5,454
region,East Midlands,E12000004,2020-11-14,6,449
region,East Midlands,E12000004,2020-11-13,175,443
region,East Midlands,E12000004,2020-11-12,177,268
region,East Midlands,E12000004,2020-11-11,20,91
region,East Midlands,E12000004,2020-11-10,12,71
region,East Midlands,E12000004,2020-11-09,25,59
region,East Midlands,E12000004,2020-11-08,1,34
region,East Midlands,E12000004,2020-11-07,6,33
region,East Midlands,E12000004,2020-11-06,7,27
region,East Midlands,E12000004,2020-11-05,2,20
region,East Midlands,E12000004,2020-11-04,10,18
region,East Midlands,E12000004,2020-11-03,1,8
region,East Midlands,E12000004,2020-11-02,2,7
region,East Midlands,E12000004,2020-11-01,0,5
region,East Midlands,E12000004,2020-10-31,0,5
region,East Midlands,E12000004,2020-10-30,1,5
region,East Midlands,E12000004,2020-10-29,0,4
region,East Midlands,E12000004,2020-10-28,0,4
region,East Midlands,E12000004,2020-10-27,0,4
region,East Midlands,E12000004,2020-10-26,1,4
