areaType,areaName,areaCode,date,newLFDTests,cumLFDTests
region,London,E12000007,2021-07-19,85693,13492125
region,London,E12000007,2021-07-18,86142,13406432
region,London,E12000007,2021-07-17,56692,13320290
region,London,E12000007,2021-07-16,75017,13263598
region,London,E12000007,2021-07-15,90067,13188581
region,London,E12000007,2021-07-14,92838,13098514
region,London,E12000007,2021-07-13,67441,13005676
region,London,E12000007,2021-07-12,90627,12938235
region,London,E12000007,2021-07-11,96313,12847608
region,London,E12000007,2021-07-10,64763,12751295
region,London,E12000007,2021-07-09,74946,12686532
region,London,E12000007,2021-07-08,90972,12611586
region,London,E12000007,2021-07-07,104132,12520614
region,London,E12000007,2021-07-06,96035,12416482
region,London,E12000007,2021-07-05,122729,12320447
region,London,E12000007,2021-07-04,108778,12197718
region,London,E12000007,2021-07-03,48035,12088940
region,London,E12000007,2021-07-02,67029,12040905
region,London,E12000007,2021-07-01,91916,11973876
region,London,E12000007,2021-06-30,103544,11881960
region,London,E12000007,2021-06-29,73095,11778416
region,London,E12000007,2021-06-28,111595,11705321
region,London,E12000007,2021-06-27,110215,11593726
region,London,E12000007,2021-06-26,45548,11483511
region,London,E12000007,2021-06-25,63651,11437963
region,London,E12000007,2021-06-24,84891,11374312
region,London,E12000007,2021-06-23,90695,11289421
region,London,E12000007,2021-06-22,62339,11198726
region,London,E12000007,2021-06-21,96770,11136387
region,London,E12000007,2021-06-20,101376,11039617
region,London,E12000007,2021-06-19,38487,10938241
region,London,E12000007,2021-06-18,56913,10899754
region,London,E12000007,2021-06-17,86004,10842841
region,London,E12000007,2021-06-16,88520,10756837
region,London,E12000007,2021-06-15,58835,10668317
region,London,E12000007,2021-06-14,93145,10609482
region,London,E12000007,2021-06-13,96615,10516337
region,London,E12000007,2021-06-12,39336,10419722
region,London,E12000007,2021-06-11,55279,10380386
region,London,E12000007,2021-06-10,76291,10325107
region,London,E12000007,2021-06-09,85987,10248816
region,London,E12000007,2021-06-08,53960,10162829
region,London,E12000007,2021-06-07,93379,10108869
region,London,E12000007,2021-06-06,117166,10015490
region,London,E12000007,2021-06-05,34008,9898324
region,London,E12000007,2021-06-04,48082,9864316
region,London,E12000007,2021-06-03,60982,9816234
region,London,E12000007,2021-06-02,63586,9755252
region,London,E12000007,2021-06-01,58991,9691666
region,London,E12000007,2021-05-31,56234,9632675
region,London,E12000007,2021-05-30,50249,9576441
region,London,E12000007,2021-05-29,33132,9526192
region,London,E12000007,2021-05-28,49528,9493060
region,London,E12000007,2021-05-27,76824,9443532
region,London,E12000007,2021-05-26,91266,9366708
region,London,E12000007,2021-05-25,55949,9275442
region,London,E12000007,2021-05-24,93718,9219493
region,London,E12000007,2021-05-23,110497,9125775
region,London,E12000007,2021-05-22,35642,9015278
region,London,E12000007,2021-05-21,51548,8979636
region,London,E12000007,2021-05-20,83857,8928088
region,London,E12000007,2021-05-19,96808,8844231
region,London,E12000007,2021-05-18,55837,8747423
region,London,E12000007,2021-05-17,96772,8691586
region,London,E12000007,2021-05-16,112801,8594814
region,London,E12000007,2021-05-15,32010,8482013
region,London,E12000007,2021-05-14,51299,8450003
region,London,E12000007,2021-05-13,80348,8398704
region,London,E12000007,2021-05-12,92868,8318356
region,London,E12000007,2021-05-11,53414,8225488
region,London,E12000007,2021-05-10,97757,8172074
region,London,E12000007,2021-05-09,123631,8074317
region,London,E12000007,2021-05-08,32626,7950686
region,London,E12000007,2021-05-07,49281,7918060
region,London,E12000007,2021-05-06,82583,7868779
region,London,E12000007,2021-05-05,100277,7786196
region,London,E12000007,2021-05-04,82116,7685919
region,London,E12000007,2021-05-03,114103,7603803
region,London,E12000007,2021-05-02,73061,7489700
region,London,E12000007,2021-05-01,32101,7416639
region,London,E12000007,2021-04-30,49216,7384538
region,London,E12000007,2021-04-29,89429,7335322
region,London,E12000007,2021-04-28,113629,7245893
region,London,E12000007,2021-04-27,56375,7132264
region,London,E12000007,2021-04-26,102789,7075889
region,London,E12000007,2021-04-25,145641,6973100
region,London,E12000007,2021-04-24,37091,6827459
region,London,E12000007,2021-04-23,50728,6790368
region,London,E12000007,2021-04-22,92426,6739640
region,London,E12000007,2021-04-21,114734,6647214
region,London,E12000007,2021-04-20,57888,6532480
region,London,E12000007,2021-04-19,111430,6474592
region,London,E12000007,2021-04-18,173277,6363162
region,London,E12000007,2021-04-17,37435,6189885
region,London,E12000007,2021-04-16,52208,6152450
region,London,E12000007,2021-04-15,80119,6100242
region,London,E12000007,2021-04-14,89351,6020123
region,London,E12000007,2021-04-13,54644,5930772
region,London,E12000007,2021-04-12,81960,5876128
region,London,E12000007,2021-04-11,90413,5794168
region,London,E12000007,2021-04-10,31630,5703755
region,London,E12000007,2021-04-09,46559,5672125
region,London,E12000007,2021-04-08,70399,5625566
region,London,E12000007,2021-04-07,80397,5555167
region,London,E12000007,2021-04-06,56292,5474770
region,London,E12000007,2021-04-05,70952,5418478
region,London,E12000007,2021-04-04,69402,5347526
region,London,E12000007,2021-04-03,28963,5278124
region,London,E12000007,2021-04-02,36913,5249161
region,London,E12000007,2021-04-01,77956,5212248
region,London,E12000007,2021-03-31,101720,5134292
region,London,E12000007,2021-03-30,40320,5032572
region,London,E12000007,2021-03-29,40590,4992252
region,London,E12000007,2021-03-28,233396,4951662
region,London,E12000007,2021-03-27,29013,4718266
region,London,E12000007,2021-03-26,56242,4689253
region,London,E12000007,2021-03-25,113434,4633011
region,London,E12000007,2021-03-24,160312,4519577
region,London,E12000007,2021-03-23,74643,4359265
region,London,E12000007,2021-03-22,134650,4284622
region,London,E12000007,2021-03-21,186829,4149972
region,London,E12000007,2021-03-20,27190,3963143
region,London,E12000007,2021-03-19,87009,3935953
region,London,E12000007,2021-03-18,149410,3848944
region,London,E12000007,2021-03-17,160134,3699534
region,London,E12000007,2021-03-16,151995,3539400
region,London,E12000007,2021-03-15,196878,3387405
region,London,E12000007,2021-03-14,80742,3190527
region,London,E12000007,2021-03-13,23239,3109785
region,London,E12000007,2021-03-12,168312,3086546
region,London,E12000007,2021-03-11,184636,2918234
region,London,E12000007,2021-03-10,158784,2733598
region,London,E12000007,2021-03-09,167959,2574814
region,London,E12000007,2021-03-08,209014,2406855
region,London,E12000007,2021-03-07,63540,2197841
region,London,E12000007,2021-03-06,23537,2134301
region,London,E12000007,2021-03-05,90760,2110764
region,London,E12000007,2021-03-04,86452,2020004
region,London,E12000007,2021-03-03,55520,1933552
region,London,E12000007,2021-03-02,41029,1878032
region,London,E12000007,2021-03-01,59498,1837003
region,London,E12000007,2021-02-28,31354,1777505
region,London,E12000007,2021-02-27,14642,1746151
region,London,E12000007,2021-02-26,35848,1731509
region,London,E12000007,2021-02-25,43652,1695661
region,London,E12000007,2021-02-24,38943,1652009
region,London,E12000007,2021-02-23,32022,1613066
region,London,E12000007,2021-02-22,53760,1581044
region,London,E12000007,2021-02-21,32744,1527284
region,London,E12000007,2021-02-20,15086,1494540
region,London,E12000007,2021-02-19,26563,1479454
region,London,E12000007,2021-02-18,26062,1452891
region,London,E12000007,2021-02-17,24894,1426829
region,London,E12000007,2021-02-16,22827,1401935
region,London,E12000007,2021-02-15,29975,1379108
region,London,E12000007,2021-02-14,18665,1349133
region,London,E12000007,2021-02-13,14224,1330468
region,London,E12000007,2021-02-12,33574,1316244
region,London,E12000007,2021-02-11,42160,1282670
region,London,E12000007,2021-02-10,39421,1240510
region,London,E12000007,2021-02-09,30419,1201089
region,London,E12000007,2021-02-08,49007,1170670
region,London,E12000007,2021-02-07,32327,1121663
region,London,E12000007,2021-02-06,16354,1089336
region,London,E12000007,2021-02-05,37179,1072982
region,London,E12000007,2021-02-04,45103,1035803
region,London,E12000007,2021-02-03,43724,990700
region,London,E12000007,2021-02-02,36121,946976
region,London,E12000007,2021-02-01,51741,910855
region,London,E12000007,2021-01-31,31701,859114
region,London,E12000007,2021-01-30,15614,827413
region,London,E12000007,2021-01-29,34989,811799
region,London,E12000007,2021-01-28,40459,776810
region,London,E12000007,2021-01-27,35958,736351
region,London,E12000007,2021-01-26,31344,700393
region,London,E12000007,2021-01-25,43624,669049
region,London,E12000007,2021-01-24,16584,625425
region,London,E12000007,2021-01-23,16340,608841
region,London,E12000007,2021-01-22,32149,592501
region,London,E12000007,2021-01-21,31359,560352
region,London,E12000007,2021-01-20,27803,528993
region,London,E12000007,2021-01-19,30071,501190
region,London,E12000007,2021-01-18,37854,471119
region,London,E12000007,2021-01-17,15135,433265
region,London,E12000007,2021-01-16,15112,418130
region,London,E12000007,2021-01-15,28240,403018
region,London,E12000007,2021-01-14,25871,374778
region,London,E12000007,2021-01-13,24169,348907
region,London,E12000007,2021-01-12,24306,324738
region,London,E12000007,2021-01-11,29931,300432
region,London,E12000007,2021-01-10,10488,270501
region,London,E12000007,2021-01-09,11845,260013
region,London,E12000007,2021-01-08,20973,248168
region,London,E12000007,2021-01-07,18728,227195
region,London,E12000007,2021-01-06,15858,208467
region,London,E12000007,2021-01-05,14512,192609
region,London,E12000007,2021-01-04,16447,178097
region,London,E12000007,2021-01-03,9305,161650
region,London,E12000007,2021-01-02,9736,152345
region,London,E12000007,2021-01-01,3288,142609
region,London,E12000007,2020-12-31,10213,139321
region,London,E12000007,2020-12-30,11028,129108
region,London,E12000007,2020-12-29,9859,118080
region,London,E12000007,2020-12-28,4472,108221
region,London,E12000007,2020-12-27,3918,103749
region,London,E12000007,2020-12-26,2109,99831
region,London,E12000007,2020-12-25,1195,97722
region,London,E12000007,2020-12-24,6806,96527
region,London,E12000007,2020-12-23,9789,89721
region,London,E12000007,2020-12-22,8154,79932
region,London,E12000007,2020-12-21,6152,71778
region,London,E12000007,2020-12-20,3037,65626
region,London,E12000007,2020-12-19,2486,62589
region,London,E12000007,2020-12-18,3595,60103
region,London,E12000007,2020-12-17,2654,56508
region,London,E12000007,2020-12-16,1865,53854
region,London,E12000007,2020-12-15,2362,51989
region,London,E12000007,2020-12-14,3166,49627
region,London,E12000007,2020-12-13,323,46461
region,London,E12000007,2020-12-12,583,46138
region,London,E12000007,2020-12-11,3804,45555
region,London,E12000007,2020-12-10,2322,41751
region,London,E12000007,2020-12-09,3571,39429
region,London,E12000007,2020-12-08,4321,35858
region,London,E12000007,2020-12-07,4757,31537
region,London,E12000007,2020-12-06,1918,26780
region,London,E12000007,2020-12-05,3120,24862
region,London,E12000007,2020-12-04,5229,21742
region,London,E12000007,2020-12-03,4235,16513
region,London,E12000007,2020-12-02,3634,12278
region,London,E12000007,2020-12-01,3700,8644
region,London,E12000007,2020-11-30,4030,4944
region,London,E12000007,2020-11-29,83,914
region,London,E12000007,2020-11-28,61,831
region,London,E12000007,2020-11-27,346,770
region,London,E12000007,2020-11-26,49,424
region,London,E12000007,2020-11-25,48,375
region,London,E12000007,2020-11-24,52,327
region,London,E12000007,2020-11-23,39,275
region,London,E12000007,2020-11-22,7,236
region,London,E12000007,2020-11-21,11,229
region,London,E12000007,2020-11-20,32,218
region,London,E12000007,2020-11-19,41,186
region,London,E12000007,2020-11-18,15,145
region,London,E12000007,2020-11-17,9,130
region,London,E12000007,2020-11-16,20,121
region,London,E12000007,2020-11-15,7,101
region,London,E12000007,2020-11-14,7,94
region,London,E12000007,2020-11-13,10,87
region,London,E12000007,2020-11-12,11,77
region,London,E12000007,2020-11-11,8,66
region,London,E12000007,2020-11-10,21,58
region,London,E12000007,2020-11-09,7,37
region,London,E12000007,2020-11-08,3,30
region,London,E12000007,2020-11-07,11,27
region,London,E12000007,2020-11-06,8,16
region,London,E12000007,2020-11-05,1,8
region,London,E12000007,2020-11-04,0,6
region,London,E12000007,2020-11-03,0,6
region,London,E12000007,2020-11-02,0,6
region,London,E12000007,2020-11-01,0,6
region,London,E12000007,2020-10-31,0,6
region,London,E12000007,2020-10-30,0,6
region,London,E12000007,2020-10-29,1,6
region,London,E12000007,2020-10-28,0,2
region,London,E12000007,2020-10-27,0,2
region,London,E12000007,2020-10-26,0,2
region,London,E12000007,2020-10-25,0,2
region,London,E12000007,2020-10-24,0,2
region,London,E12000007,2020-10-23,1,2
