areaType,areaName,areaCode,date,newLFDTests,cumLFDTests
region,North East,E12000001,2021-07-19,30423,5255453
region,North East,E12000001,2021-07-18,30886,5225030
region,North East,E12000001,2021-07-17,17023,5194144
region,North East,E12000001,2021-07-16,24817,5177121
region,North East,E12000001,2021-07-15,33491,5152304
region,North East,E12000001,2021-07-14,39972,5118813
region,North East,E12000001,2021-07-13,28398,5078841
region,North East,E12000001,2021-07-12,38618,5050443
region,North East,E12000001,2021-07-11,38649,5011825
region,North East,E12000001,2021-07-10,18059,4973176
region,North East,E12000001,2021-07-09,25430,4955117
region,North East,E12000001,2021-07-08,34261,4929687
region,North East,E12000001,2021-07-07,41154,4895426
region,North East,E12000001,2021-07-06,29281,4854272
region,North East,E12000001,2021-07-05,41629,4824991
region,North East,E12000001,2021-07-04,45334,4783362
region,North East,E12000001,2021-07-03,17340,4738028
region,North East,E12000001,2021-07-02,25388,4720688
region,North East,E12000001,2021-07-01,35772,4695300
region,North East,E12000001,2021-06-30,42994,4659528
region,North East,E12000001,2021-06-29,26071,4616534
region,North East,E12000001,2021-06-28,41242,4590463
region,North East,E12000001,2021-06-27,45923,4549221
region,North East,E12000001,2021-06-26,15223,4503298
region,North East,E12000001,2021-06-25,23949,4488075
region,North East,E12000001,2021-06-24,33799,4464126
region,North East,E12000001,2021-06-23,40695,4430327
region,North East,E12000001,2021-06-22,23696,4389632
region,North East,E12000001,2021-06-21,37843,4365936
region,North East,E12000001,2021-06-20,42147,4328093
region,North East,E12000001,2021-06-19,13239,4285946
region,North East,E12000001,2021-06-18,21550,4272707
region,North East,E12000001,2021-06-17,32032,4251157
region,North East,E12000001,2021-06-16,37208,4219125
region,North East,E12000001,2021-06-15,22396,4181917
region,North East,E12000001,2021-06-14,36923,4159521
region,North East,E12000001,2021-06-13,39189,4122598
region,North East,E12000001,2021-06-12,11476,4083409
region,North East,E12000001,2021-06-11,19773,4071933
region,North East,E12000001,2021-06-10,28552,4052160
region,North East,E12000001,2021-06-09,34150,4023608
region,North East,E12000001,2021-06-08,19170,3989458
region,North East,E12000001,2021-06-07,33665,3970288
region,North East,E12000001,2021-06-06,48442,3936623
region,North East,E12000001,2021-06-05,12134,3888181
region,North East,E12000001,2021-06-04,18324,3876047
region,North East,E12000001,2021-06-03,22976,3857723
region,North East,E12000001,2021-06-02,26456,3834747
region,North East,E12000001,2021-06-01,23723,3808291
region,North East,E12000001,2021-05-31,22922,3784568
region,North East,E12000001,2021-05-30,21004,3761646
region,North East,E12000001,2021-05-29,10471,3740642
region,North East,E12000001,2021-05-28,18523,3730171
region,North East,E12000001,2021-05-27,29332,3711648
region,North East,E12000001,2021-05-26,38492,3682316
region,North East,E12000001,2021-05-25,21754,3643824
region,North East,E12000001,2021-05-24,36553,3622070
region,North East,E12000001,2021-05-23,45328,3585517
region,North East,E12000001,2021-05-22,11653,3540189
region,North East,E12000001,2021-05-21,20186,3528536
region,North East,E12000001,2021-05-20,32540,3508350
region,North East,E12000001,2021-05-19,39709,3475810
region,North East,E12000001,2021-05-18,20662,3436101
region,North East,E12000001,2021-05-17,37247,3415439
region,North East,E12000001,2021-05-16,45969,3378192
region,North East,E12000001,2021-05-15,9656,3332223
region,North East,E12000001,2021-05-14,18409,3322567
region,North East,E12000001,2021-05-13,32378,3304158
region,North East,E12000001,2021-05-12,41246,3271780
region,North East,E12000001,2021-05-11,20220,3230534
region,North East,E12000001,2021-05-10,37788,3210314
region,North East,E12000001,2021-05-09,51836,3172526
region,North East,E12000001,2021-05-08,10307,3120690
region,North East,E12000001,2021-05-07,20041,3110383
region,North East,E12000001,2021-05-06,33475,3090342
region,North East,E12000001,2021-05-05,43626,3056867
region,North East,E12000001,2021-05-04,31728,3013241
region,North East,E12000001,2021-05-03,44740,2981513
region,North East,E12000001,2021-05-02,32550,2936773
region,North East,E12000001,2021-05-01,9965,2904223
region,North East,E12000001,2021-04-30,18851,2894258
region,North East,E12000001,2021-04-29,35846,2875407
region,North East,E12000001,2021-04-28,48645,2839561
region,North East,E12000001,2021-04-27,22447,2790916
region,North East,E12000001,2021-04-26,42065,2768469
region,North East,E12000001,2021-04-25,59344,2726404
region,North East,E12000001,2021-04-24,10993,2667060
region,North East,E12000001,2021-04-23,19654,2656067
region,North East,E12000001,2021-04-22,37601,2636413
region,North East,E12000001,2021-04-21,51207,2598812
region,North East,E12000001,2021-04-20,22624,2547605
region,North East,E12000001,2021-04-19,42032,2524981
region,North East,E12000001,2021-04-18,67912,2482949
region,North East,E12000001,2021-04-17,10206,2415037
region,North East,E12000001,2021-04-16,19440,2404831
region,North East,E12000001,2021-04-15,37295,2385391
region,North East,E12000001,2021-04-14,48065,2348096
region,North East,E12000001,2021-04-13,20550,2300031
region,North East,E12000001,2021-04-12,37737,2279481
region,North East,E12000001,2021-04-11,66833,2241744
region,North East,E12000001,2021-04-10,9784,2174911
region,North East,E12000001,2021-04-09,17483,2165127
region,North East,E12000001,2021-04-08,29381,2147644
region,North East,E12000001,2021-04-07,36527,2118263
region,North East,E12000001,2021-04-06,21556,2081736
region,North East,E12000001,2021-04-05,30216,2060180
region,North East,E12000001,2021-04-04,32915,2029964
region,North East,E12000001,2021-04-03,8526,1997049
region,North East,E12000001,2021-04-02,13471,1988523
region,North East,E12000001,2021-04-01,31207,1975052
region,North East,E12000001,2021-03-31,43503,1943845
region,North East,E12000001,2021-03-30,12063,1900342
region,North East,E12000001,2021-03-29,13313,1888279
region,North East,E12000001,2021-03-28,84543,1874966
region,North East,E12000001,2021-03-27,8581,1790423
region,North East,E12000001,2021-03-26,21629,1781842
region,North East,E12000001,2021-03-25,44546,1760213
region,North East,E12000001,2021-03-24,73349,1715667
region,North East,E12000001,2021-03-23,26129,1642318
region,North East,E12000001,2021-03-22,49320,1616189
region,North East,E12000001,2021-03-21,82034,1566869
region,North East,E12000001,2021-03-20,8604,1484835
region,North East,E12000001,2021-03-19,30240,1476231
region,North East,E12000001,2021-03-18,53487,1445991
region,North East,E12000001,2021-03-17,65461,1392504
region,North East,E12000001,2021-03-16,47858,1327043
region,North East,E12000001,2021-03-15,68386,1279185
region,North East,E12000001,2021-03-14,38869,1210799
region,North East,E12000001,2021-03-13,7385,1171930
region,North East,E12000001,2021-03-12,52622,1164545
region,North East,E12000001,2021-03-11,63199,1111923
region,North East,E12000001,2021-03-10,55734,1048724
region,North East,E12000001,2021-03-09,57703,992990
region,North East,E12000001,2021-03-08,72142,935287
region,North East,E12000001,2021-03-07,27631,863145
region,North East,E12000001,2021-03-06,6681,835514
region,North East,E12000001,2021-03-05,38179,828833
region,North East,E12000001,2021-03-04,37585,790654
region,North East,E12000001,2021-03-03,28011,753069
region,North East,E12000001,2021-03-02,24328,725058
region,North East,E12000001,2021-03-01,31260,700730
region,North East,E12000001,2021-02-28,16003,669470
region,North East,E12000001,2021-02-27,4374,653467
region,North East,E12000001,2021-02-26,16048,649093
region,North East,E12000001,2021-02-25,21132,633045
region,North East,E12000001,2021-02-24,21458,611913
region,North East,E12000001,2021-02-23,15961,590455
region,North East,E12000001,2021-02-22,25756,574494
region,North East,E12000001,2021-02-21,16612,548738
region,North East,E12000001,2021-02-20,4485,532126
region,North East,E12000001,2021-02-19,11008,527641
region,North East,E12000001,2021-02-18,10575,516633
region,North East,E12000001,2021-02-17,11028,506058
region,North East,E12000001,2021-02-16,10516,495030
region,North East,E12000001,2021-02-15,13291,484514
region,North East,E12000001,2021-02-14,9244,471223
region,North East,E12000001,2021-02-13,4536,461979
region,North East,E12000001,2021-02-12,14507,457443
region,North East,E12000001,2021-02-11,18965,442936
region,North East,E12000001,2021-02-10,19250,423971
region,North East,E12000001,2021-02-09,15268,404721
region,North East,E12000001,2021-02-08,23003,389453
region,North East,E12000001,2021-02-07,16211,366450
region,North East,E12000001,2021-02-06,4600,350239
region,North East,E12000001,2021-02-05,15014,345639
region,North East,E12000001,2021-02-04,20092,330625
region,North East,E12000001,2021-02-03,20996,310533
region,North East,E12000001,2021-02-02,14985,289537
region,North East,E12000001,2021-02-01,22893,274552
region,North East,E12000001,2021-01-31,16192,251659
region,North East,E12000001,2021-01-30,4555,235467
region,North East,E12000001,2021-01-29,14198,230912
region,North East,E12000001,2021-01-28,18013,216714
region,North East,E12000001,2021-01-27,19318,198701
region,North East,E12000001,2021-01-26,14276,179383
region,North East,E12000001,2021-01-25,19242,165107
region,North East,E12000001,2021-01-24,8091,145865
region,North East,E12000001,2021-01-23,3362,137774
region,North East,E12000001,2021-01-22,10103,134412
region,North East,E12000001,2021-01-21,9518,124309
region,North East,E12000001,2021-01-20,9187,114791
region,North East,E12000001,2021-01-19,10163,105604
region,North East,E12000001,2021-01-18,12642,95441
region,North East,E12000001,2021-01-17,3038,82799
region,North East,E12000001,2021-01-16,2545,79761
region,North East,E12000001,2021-01-15,6941,77216
region,North East,E12000001,2021-01-14,5665,70275
region,North East,E12000001,2021-01-13,6021,64610
region,North East,E12000001,2021-01-12,6716,58589
region,North East,E12000001,2021-01-11,7692,51873
region,North East,E12000001,2021-01-10,1916,44181
region,North East,E12000001,2021-01-09,1529,42265
region,North East,E12000001,2021-01-08,4221,40736
region,North East,E12000001,2021-01-07,3903,36515
region,North East,E12000001,2021-01-06,3261,32612
region,North East,E12000001,2021-01-05,2850,29351
region,North East,E12000001,2021-01-04,2805,26501
region,North East,E12000001,2021-01-03,697,23696
region,North East,E12000001,2021-01-02,630,22999
region,North East,E12000001,2021-01-01,414,22369
region,North East,E12000001,2020-12-31,903,21955
region,North East,E12000001,2020-12-30,945,21052
region,North East,E12000001,2020-12-29,1233,20107
region,North East,E12000001,2020-12-28,509,18874
region,North East,E12000001,2020-12-27,299,18365
region,North East,E12000001,2020-12-26,234,18066
region,North East,E12000001,2020-12-25,193,17832
region,North East,E12000001,2020-12-24,409,17639
region,North East,E12000001,2020-12-23,1096,17230
region,North East,E12000001,2020-12-22,1022,16134
region,North East,E12000001,2020-12-21,1117,15112
region,North East,E12000001,2020-12-20,407,13995
region,North East,E12000001,2020-12-19,386,13588
region,North East,E12000001,2020-12-18,768,13202
region,North East,E12000001,2020-12-17,603,12434
region,North East,E12000001,2020-12-16,594,11831
region,North East,E12000001,2020-12-15,827,11237
region,North East,E12000001,2020-12-14,568,10410
region,North East,E12000001,2020-12-13,225,9842
region,North East,E12000001,2020-12-12,196,9617
region,North East,E12000001,2020-12-11,361,9421
region,North East,E12000001,2020-12-10,307,9060
region,North East,E12000001,2020-12-09,1412,8753
region,North East,E12000001,2020-12-08,936,7341
region,North East,E12000001,2020-12-07,856,6405
region,North East,E12000001,2020-12-06,580,5549
region,North East,E12000001,2020-12-05,753,4969
region,North East,E12000001,2020-12-04,1095,4216
region,North East,E12000001,2020-12-03,867,3121
region,North East,E12000001,2020-12-02,899,2254
region,North East,E12000001,2020-12-01,533,1355
region,North East,E12000001,2020-11-30,430,822
region,North East,E12000001,2020-11-29,55,392
region,North East,E12000001,2020-11-28,45,337
region,North East,E12000001,2020-11-27,52,292
region,North East,E12000001,2020-11-26,36,240
region,North East,E12000001,2020-11-25,46,204
region,North East,E12000001,2020-11-24,53,158
region,North East,E12000001,2020-11-23,30,105
region,North East,E12000001,2020-11-22,1,75
region,North East,E12000001,2020-11-21,1,74
region,North East,E12000001,2020-11-20,3,73
region,North East,E12000001,2020-11-19,6,70
region,North East,E12000001,2020-11-18,3,64
region,North East,E12000001,2020-11-17,5,61
region,North East,E12000001,2020-11-16,2,56
region,North East,E12000001,2020-11-15,0,54
region,North East,E12000001,2020-11-14,2,54
region,North East,E12000001,2020-11-13,5,52
region,North East,E12000001,2020-11-12,4,47
region,North East,E12000001,2020-11-11,8,43
region,North East,E12000001,2020-11-10,10,35
region,North East,E12000001,2020-11-09,4,25
region,North East,E12000001,2020-11-08,4,21
region,North East,E12000001,2020-11-07,8,17
region,North East,E12000001,2020-11-06,7,9
region,North East,E12000001,2020-11-05,0,2
region,North East,E12000001,2020-11-04,0,2
region,North East,E12000001,2020-11-03,0,2
region,North East,E12000001,2020-11-02,0,2
region,North East,E12000001,2020-11-01,0,2
region,North East,E12000001,2020-10-31,0,2
region,North East,E12000001,2020-10-30,0,2
region,North East,E12000001,2020-10-29,0,2
region,North East,E12000001,2020-10-28,0,2
region,North East,E12000001,2020-10-27,1,2
region,North East,E12000001,2020-10-26,0,1
region,North East,E12000001,2020-10-25,0,1
region,North East,E12000001,2020-10-24,0,1
region,North East,E12000001,2020-10-23,1,1
