areaType,areaName,areaCode,date,newLFDTests,cumLFDTests
region,North West,E12000002,2021-07-19,80243,14732537
region,North West,E12000002,2021-07-18,78476,14652294
region,North West,E12000002,2021-07-17,42138,14573818
region,North West,E12000002,2021-07-16,64792,14531680
region,North West,E12000002,2021-07-15,87688,14466888
region,North West,E12000002,2021-07-14,96890,14379200
region,North West,E12000002,2021-07-13,70082,14282310
region,North West,E12000002,2021-07-12,101447,14212228
region,North West,E12000002,2021-07-11,93789,14110781
region,North West,E12000002,2021-07-10,42824,14016992
region,North West,E12000002,2021-07-09,64220,13974168
region,North West,E12000002,2021-07-08,91364,13909948
region,North West,E12000002,2021-07-07,103071,13818584
region,North West,E12000002,2021-07-06,73091,13715513
region,North West,E12000002,2021-07-05,112363,13642422
region,North West,E12000002,2021-07-04,113465,13530059
region,North West,E12000002,2021-07-03,41977,13416594
region,North West,E12000002,2021-07-02,66759,13374617
region,North West,E12000002,2021-07-01,99496,13307858
region,North West,E12000002,2021-06-30,111154,13208362
region,North West,E12000002,2021-06-29,74043,13097208
region,North West,E12000002,2021-06-28,116003,13023165
region,North West,E12000002,2021-06-27,118187,12907162
region,North West,E12000002,2021-06-26,38330,12788975
region,North West,E12000002,2021-06-25,65178,12750645
region,North West,E12000002,2021-06-24,98197,12685467
region,North West,E12000002,2021-06-23,114052,12587270
region,North West,E12000002,2021-06-22,69257,12473218
region,North West,E12000002,2021-06-21,110028,12403961
region,North West,E12000002,2021-06-20,120231,12293933
region,North West,E12000002,2021-06-19,37211,12173702
region,North West,E12000002,2021-06-18,61606,12136491
region,North West,E12000002,2021-06-17,93471,12074885
region,North West,E12000002,2021-06-16,109251,11981414
region,North West,E12000002,2021-06-15,66197,11872163
region,North West,E12000002,2021-06-14,107632,11805966
region,North West,E12000002,2021-06-13,114687,11698334
region,North West,E12000002,2021-06-12,35047,11583647
region,North West,E12000002,2021-06-11,58678,11548600
region,North West,E12000002,2021-06-10,85611,11489922
region,North West,E12000002,2021-06-09,102927,11404311
region,North West,E12000002,2021-06-08,58159,11301384
region,North West,E12000002,2021-06-07,96668,11243225
region,North West,E12000002,2021-06-06,128543,11146557
region,North West,E12000002,2021-06-05,30671,11018014
region,North West,E12000002,2021-06-04,48663,10987343
region,North West,E12000002,2021-06-03,65657,10938680
region,North West,E12000002,2021-06-02,68923,10873023
region,North West,E12000002,2021-06-01,60820,10804100
region,North West,E12000002,2021-05-31,57028,10743280
region,North West,E12000002,2021-05-30,51381,10686252
region,North West,E12000002,2021-05-29,28911,10634871
region,North West,E12000002,2021-05-28,49837,10605960
region,North West,E12000002,2021-05-27,77839,10556123
region,North West,E12000002,2021-05-26,99503,10478284
region,North West,E12000002,2021-05-25,57745,10378781
region,North West,E12000002,2021-05-24,96549,10321036
region,North West,E12000002,2021-05-23,117255,10224487
region,North West,E12000002,2021-05-22,30730,10107232
region,North West,E12000002,2021-05-21,51299,10076502
region,North West,E12000002,2021-05-20,85559,10025203
region,North West,E12000002,2021-05-19,105280,9939644
region,North West,E12000002,2021-05-18,57537,9834364
region,North West,E12000002,2021-05-17,101720,9776827
region,North West,E12000002,2021-05-16,118101,9675107
region,North West,E12000002,2021-05-15,26520,9557006
region,North West,E12000002,2021-05-14,48620,9530486
region,North West,E12000002,2021-05-13,84189,9481866
region,North West,E12000002,2021-05-12,105855,9397677
region,North West,E12000002,2021-05-11,53419,9291822
region,North West,E12000002,2021-05-10,99400,9238403
region,North West,E12000002,2021-05-09,134489,9139003
region,North West,E12000002,2021-05-08,26822,9004514
region,North West,E12000002,2021-05-07,52151,8977692
region,North West,E12000002,2021-05-06,88369,8925541
region,North West,E12000002,2021-05-05,109511,8837172
region,North West,E12000002,2021-05-04,84593,8727661
region,North West,E12000002,2021-05-03,116351,8643068
region,North West,E12000002,2021-05-02,77957,8526717
region,North West,E12000002,2021-05-01,32577,8448760
region,North West,E12000002,2021-04-30,51462,8416183
region,North West,E12000002,2021-04-29,94387,8364721
region,North West,E12000002,2021-04-28,123036,8270334
region,North West,E12000002,2021-04-27,58137,8147298
region,North West,E12000002,2021-04-26,108052,8089161
region,North West,E12000002,2021-04-25,148468,7981109
region,North West,E12000002,2021-04-24,27290,7832641
region,North West,E12000002,2021-04-23,49536,7805351
region,North West,E12000002,2021-04-22,95657,7755815
region,North West,E12000002,2021-04-21,127753,7660158
region,North West,E12000002,2021-04-20,57323,7532405
region,North West,E12000002,2021-04-19,108466,7475082
region,North West,E12000002,2021-04-18,178457,7366616
region,North West,E12000002,2021-04-17,26175,7188159
region,North West,E12000002,2021-04-16,48600,7161984
region,North West,E12000002,2021-04-15,86959,7113384
region,North West,E12000002,2021-04-14,106391,7026425
region,North West,E12000002,2021-04-13,53632,6920034
region,North West,E12000002,2021-04-12,94078,6866402
region,North West,E12000002,2021-04-11,133801,6772324
region,North West,E12000002,2021-04-10,25825,6638523
region,North West,E12000002,2021-04-09,45613,6612698
region,North West,E12000002,2021-04-08,76433,6567085
region,North West,E12000002,2021-04-07,89351,6490652
region,North West,E12000002,2021-04-06,60052,6401301
region,North West,E12000002,2021-04-05,73170,6341249
region,North West,E12000002,2021-04-04,80397,6268079
region,North West,E12000002,2021-04-03,22468,6187682
region,North West,E12000002,2021-04-02,31171,6165214
region,North West,E12000002,2021-04-01,79677,6134043
region,North West,E12000002,2021-03-31,118201,6054366
region,North West,E12000002,2021-03-30,36981,5936165
region,North West,E12000002,2021-03-29,39440,5899184
region,North West,E12000002,2021-03-28,239884,5859744
region,North West,E12000002,2021-03-27,22721,5619860
region,North West,E12000002,2021-03-26,53184,5597139
region,North West,E12000002,2021-03-25,114586,5543955
region,North West,E12000002,2021-03-24,184697,5429369
region,North West,E12000002,2021-03-23,69948,5244672
region,North West,E12000002,2021-03-22,130190,5174724
region,North West,E12000002,2021-03-21,216072,5044534
region,North West,E12000002,2021-03-20,23113,4828462
region,North West,E12000002,2021-03-19,83123,4805349
region,North West,E12000002,2021-03-18,147307,4722226
region,North West,E12000002,2021-03-17,169682,4574919
region,North West,E12000002,2021-03-16,141495,4405237
region,North West,E12000002,2021-03-15,196670,4263742
region,North West,E12000002,2021-03-14,98987,4067072
region,North West,E12000002,2021-03-13,19932,3968085
region,North West,E12000002,2021-03-12,158930,3948153
region,North West,E12000002,2021-03-11,180404,3789223
region,North West,E12000002,2021-03-10,159027,3608819
region,North West,E12000002,2021-03-09,157803,3449792
region,North West,E12000002,2021-03-08,193416,3291989
region,North West,E12000002,2021-03-07,77550,3098573
region,North West,E12000002,2021-03-06,20793,3021023
region,North West,E12000002,2021-03-05,87618,3000230
region,North West,E12000002,2021-03-04,92115,2912612
region,North West,E12000002,2021-03-03,72706,2820497
region,North West,E12000002,2021-03-02,50874,2747791
region,North West,E12000002,2021-03-01,74895,2696917
region,North West,E12000002,2021-02-28,47177,2622022
region,North West,E12000002,2021-02-27,15365,2574845
region,North West,E12000002,2021-02-26,42662,2559480
region,North West,E12000002,2021-02-25,55794,2516818
region,North West,E12000002,2021-02-24,58513,2461024
region,North West,E12000002,2021-02-23,44708,2402511
region,North West,E12000002,2021-02-22,69711,2357803
region,North West,E12000002,2021-02-21,49965,2288092
region,North West,E12000002,2021-02-20,16297,2238127
region,North West,E12000002,2021-02-19,31982,2221830
region,North West,E12000002,2021-02-18,34777,2189848
region,North West,E12000002,2021-02-17,35635,2155071
region,North West,E12000002,2021-02-16,29965,2119436
region,North West,E12000002,2021-02-15,41305,2089471
region,North West,E12000002,2021-02-14,28686,2048166
region,North West,E12000002,2021-02-13,15043,2019480
region,North West,E12000002,2021-02-12,41363,2004437
region,North West,E12000002,2021-02-11,53272,1963074
region,North West,E12000002,2021-02-10,60249,1909802
region,North West,E12000002,2021-02-09,43432,1849553
region,North West,E12000002,2021-02-08,67009,1806121
region,North West,E12000002,2021-02-07,50920,1739112
region,North West,E12000002,2021-02-06,17145,1688192
region,North West,E12000002,2021-02-05,43319,1671047
region,North West,E12000002,2021-02-04,55680,1627728
region,North West,E12000002,2021-02-03,64253,1572048
region,North West,E12000002,2021-02-02,43727,1507795
region,North West,E12000002,2021-02-01,65277,1464068
region,North West,E12000002,2021-01-31,49741,1398791
region,North West,E12000002,2021-01-30,16656,1349050
region,North West,E12000002,2021-01-29,41496,1332394
region,North West,E12000002,2021-01-28,50139,1290898
region,North West,E12000002,2021-01-27,53626,1240759
region,North West,E12000002,2021-01-26,40663,1187133
region,North West,E12000002,2021-01-25,55671,1146470
region,North West,E12000002,2021-01-24,26379,1090799
region,North West,E12000002,2021-01-23,15087,1064420
region,North West,E12000002,2021-01-22,35762,1049333
region,North West,E12000002,2021-01-21,34335,1013571
region,North West,E12000002,2021-01-20,33328,979236
region,North West,E12000002,2021-01-19,34863,945908
region,North West,E12000002,2021-01-18,46536,911045
region,North West,E12000002,2021-01-17,17771,864509
region,North West,E12000002,2021-01-16,15067,846738
region,North West,E12000002,2021-01-15,30829,831671
region,North West,E12000002,2021-01-14,29842,800842
region,North West,E12000002,2021-01-13,27542,771000
region,North West,E12000002,2021-01-12,29461,743458
region,North West,E12000002,2021-01-11,35530,713997
region,North West,E12000002,2021-01-10,16235,678467
region,North West,E12000002,2021-01-09,15452,662232
region,North West,E12000002,2021-01-08,23956,646780
region,North West,E12000002,2021-01-07,23118,622824
region,North West,E12000002,2021-01-06,20356,599706
region,North West,E12000002,2021-01-05,22371,579350
region,North West,E12000002,2021-01-04,27837,556979
region,North West,E12000002,2021-01-03,17792,529142
region,North West,E12000002,2021-01-02,15856,511350
region,North West,E12000002,2021-01-01,916,495494
region,North West,E12000002,2020-12-31,13950,494578
region,North West,E12000002,2020-12-30,14820,480628
region,North West,E12000002,2020-12-29,14745,465808
region,North West,E12000002,2020-12-28,7610,451063
region,North West,E12000002,2020-12-27,8016,443453
region,North West,E12000002,2020-12-26,1440,435437
region,North West,E12000002,2020-12-25,637,433997
region,North West,E12000002,2020-12-24,18316,433360
region,North West,E12000002,2020-12-23,24936,415044
region,North West,E12000002,2020-12-22,18359,390108
region,North West,E12000002,2020-12-21,14360,371749
region,North West,E12000002,2020-12-20,9641,357389
region,North West,E12000002,2020-12-19,9280,347748
region,North West,E12000002,2020-12-18,13403,338468
region,North West,E12000002,2020-12-17,9777,325065
region,North West,E12000002,2020-12-16,8931,315288
region,North West,E12000002,2020-12-15,6977,306357
region,North West,E12000002,2020-12-14,7433,299380
region,North West,E12000002,2020-12-13,4463,291947
region,North West,E12000002,2020-12-12,5960,287484
region,North West,E12000002,2020-12-11,10850,281524
region,North West,E12000002,2020-12-10,8103,270674
region,North West,E12000002,2020-12-09,9391,262571
region,North West,E12000002,2020-12-08,8701,253180
region,North West,E12000002,2020-12-07,7379,244479
region,North West,E12000002,2020-12-06,4104,237100
region,North West,E12000002,2020-12-05,5666,232996
region,North West,E12000002,2020-12-04,8172,227330
region,North West,E12000002,2020-12-03,5981,219158
region,North West,E12000002,2020-12-02,5295,213177
region,North West,E12000002,2020-12-01,7190,207882
region,North West,E12000002,2020-11-30,6419,200692
region,North West,E12000002,2020-11-29,5868,194273
region,North West,E12000002,2020-11-28,5733,188405
region,North West,E12000002,2020-11-27,8702,182672
region,North West,E12000002,2020-11-26,7932,173970
region,North West,E12000002,2020-11-25,8370,166038
region,North West,E12000002,2020-11-24,7462,157668
region,North West,E12000002,2020-11-23,11111,150206
region,North West,E12000002,2020-11-22,5512,139095
region,North West,E12000002,2020-11-21,6573,133583
region,North West,E12000002,2020-11-20,7810,127010
region,North West,E12000002,2020-11-19,7951,119200
region,North West,E12000002,2020-11-18,7598,111249
region,North West,E12000002,2020-11-17,9523,103651
region,North West,E12000002,2020-11-16,9849,94128
region,North West,E12000002,2020-11-15,5576,84279
region,North West,E12000002,2020-11-14,6985,78703
region,North West,E12000002,2020-11-13,9502,71718
region,North West,E12000002,2020-11-12,10491,62216
region,North West,E12000002,2020-11-11,12490,51725
region,North West,E12000002,2020-11-10,12294,39235
region,North West,E12000002,2020-11-09,9101,26941
region,North West,E12000002,2020-11-08,6404,17840
region,North West,E12000002,2020-11-07,7314,11436
region,North West,E12000002,2020-11-06,4102,4122
region,North West,E12000002,2020-11-05,7,20
region,North West,E12000002,2020-11-04,5,13
region,North West,E12000002,2020-11-03,2,8
region,North West,E12000002,2020-11-02,0,6
region,North West,E12000002,2020-11-01,0,6
region,North West,E12000002,2020-10-31,0,6
region,North West,E12000002,2020-10-30,3,6
region,North West,E12000002,2020-10-29,0,3
region,North West,E12000002,2020-10-28,0,3
region,North West,E12000002,2020-10-27,0,3
region,North West,E12000002,2020-10-26,1,3
