areaType,areaName,areaCode,date,newLFDTests,cumLFDTests
region,South East,E12000008,2021-07-19,144865,23061336
region,South East,E12000008,2021-07-18,167883,22916471
region,South East,E12000008,2021-07-17,88016,22748588
region,South East,E12000008,2021-07-16,116200,22660572
region,South East,E12000008,2021-07-15,153526,22544372
region,South East,E12000008,2021-07-14,173012,22390846
region,South East,E12000008,2021-07-13,110284,22217834
region,South East,E12000008,2021-07-12,160063,22107550
region,South East,E12000008,2021-07-11,174117,21947487
region,South East,E12000008,2021-07-10,87831,21773370
region,South East,E12000008,2021-07-09,110955,21685539
region,South East,E12000008,2021-07-08,153600,21574584
region,South East,E12000008,2021-07-07,179820,21420984
region,South East,E12000008,2021-07-06,117810,21241164
region,South East,E12000008,2021-07-05,175399,21123354
region,South East,E12000008,2021-07-04,201722,20947955
region,South East,E12000008,2021-07-03,70881,20746233
region,South East,E12000008,2021-07-02,99071,20675352
region,South East,E12000008,2021-07-01,149826,20576281
region,South East,E12000008,2021-06-30,182377,20426455
region,South East,E12000008,2021-06-29,104724,20244078
region,South East,E12000008,2021-06-28,172946,20139354
region,South East,E12000008,2021-06-27,208653,19966408
region,South East,E12000008,2021-06-26,61886,19757755
region,South East,E12000008,2021-06-25,95211,19695869
region,South East,E12000008,2021-06-24,144318,19600658
region,South East,E12000008,2021-06-23,172619,19456340
region,South East,E12000008,2021-06-22,97910,19283721
region,South East,E12000008,2021-06-21,162748,19185811
region,South East,E12000008,2021-06-20,202338,19023063
region,South East,E12000008,2021-06-19,58737,18820725
region,South East,E12000008,2021-06-18,91756,18761988
region,South East,E12000008,2021-06-17,147173,18670232
region,South East,E12000008,2021-06-16,170135,18523059
region,South East,E12000008,2021-06-15,95584,18352924
region,South East,E12000008,2021-06-14,162167,18257340
region,South East,E12000008,2021-06-13,192761,18095173
region,South East,E12000008,2021-06-12,54520,17902412
region,South East,E12000008,2021-06-11,86121,17847892
region,South East,E12000008,2021-06-10,135029,17761771
region,South East,E12000008,2021-06-09,167073,17626742
region,South East,E12000008,2021-06-08,86760,17459669
region,South East,E12000008,2021-06-07,159276,17372909
region,South East,E12000008,2021-06-06,231836,17213633
region,South East,E12000008,2021-06-05,53771,16981797
region,South East,E12000008,2021-06-04,82389,16928026
region,South East,E12000008,2021-06-03,110222,16845637
region,South East,E12000008,2021-06-02,125208,16735415
region,South East,E12000008,2021-06-01,97237,16610207
region,South East,E12000008,2021-05-31,107627,16512970
region,South East,E12000008,2021-05-30,108391,16405343
region,South East,E12000008,2021-05-29,52204,16296952
region,South East,E12000008,2021-05-28,82338,16244748
region,South East,E12000008,2021-05-27,137421,16162410
region,South East,E12000008,2021-05-26,181821,16024989
region,South East,E12000008,2021-05-25,93297,15843168
region,South East,E12000008,2021-05-24,166401,15749871
region,South East,E12000008,2021-05-23,228318,15583470
region,South East,E12000008,2021-05-22,56231,15355152
region,South East,E12000008,2021-05-21,88296,15298921
region,South East,E12000008,2021-05-20,152120,15210625
region,South East,E12000008,2021-05-19,196261,15058505
region,South East,E12000008,2021-05-18,93110,14862244
region,South East,E12000008,2021-05-17,175066,14769134
region,South East,E12000008,2021-05-16,230436,14594068
region,South East,E12000008,2021-05-15,49378,14363632
region,South East,E12000008,2021-05-14,83931,14314254
region,South East,E12000008,2021-05-13,154365,14230323
region,South East,E12000008,2021-05-12,199972,14075958
region,South East,E12000008,2021-05-11,89856,13875986
region,South East,E12000008,2021-05-10,174040,13786130
region,South East,E12000008,2021-05-09,259158,13612090
region,South East,E12000008,2021-05-08,53540,13352932
region,South East,E12000008,2021-05-07,87403,13299392
region,South East,E12000008,2021-05-06,156740,13211989
region,South East,E12000008,2021-05-05,203566,13055249
region,South East,E12000008,2021-05-04,137507,12851683
region,South East,E12000008,2021-05-03,216717,12714176
region,South East,E12000008,2021-05-02,163425,12497459
region,South East,E12000008,2021-05-01,52163,12334034
region,South East,E12000008,2021-04-30,85258,12281871
region,South East,E12000008,2021-04-29,167299,12196613
region,South East,E12000008,2021-04-28,234840,12029314
region,South East,E12000008,2021-04-27,96294,11794474
region,South East,E12000008,2021-04-26,186393,11698180
region,South East,E12000008,2021-04-25,294182,11511787
region,South East,E12000008,2021-04-24,55250,11217605
region,South East,E12000008,2021-04-23,89501,11162355
region,South East,E12000008,2021-04-22,176165,11072854
region,South East,E12000008,2021-04-21,238593,10896689
region,South East,E12000008,2021-04-20,95569,10658096
region,South East,E12000008,2021-04-19,188488,10562527
region,South East,E12000008,2021-04-18,340516,10374039
region,South East,E12000008,2021-04-17,54162,10033523
region,South East,E12000008,2021-04-16,87352,9979361
region,South East,E12000008,2021-04-15,150030,9892009
region,South East,E12000008,2021-04-14,180896,9741979
region,South East,E12000008,2021-04-13,89141,9561083
region,South East,E12000008,2021-04-12,152278,9471942
region,South East,E12000008,2021-04-11,195687,9319664
region,South East,E12000008,2021-04-10,51901,9123977
region,South East,E12000008,2021-04-09,80716,9072076
region,South East,E12000008,2021-04-08,136929,8991360
region,South East,E12000008,2021-04-07,169416,8854431
region,South East,E12000008,2021-04-06,94252,8685015
region,South East,E12000008,2021-04-05,139780,8590763
region,South East,E12000008,2021-04-04,158960,8450983
region,South East,E12000008,2021-04-03,48382,8292023
region,South East,E12000008,2021-04-02,60437,8243641
region,South East,E12000008,2021-04-01,138534,8183204
region,South East,E12000008,2021-03-31,227669,8044670
region,South East,E12000008,2021-03-30,58011,7817001
region,South East,E12000008,2021-03-29,56636,7758990
region,South East,E12000008,2021-03-28,454641,7702354
region,South East,E12000008,2021-03-27,41066,7247713
region,South East,E12000008,2021-03-26,85763,7206647
region,South East,E12000008,2021-03-25,184587,7120884
region,South East,E12000008,2021-03-24,300832,6936297
region,South East,E12000008,2021-03-23,103112,6635465
region,South East,E12000008,2021-03-22,196716,6532353
region,South East,E12000008,2021-03-21,350858,6335637
region,South East,E12000008,2021-03-20,42695,5984779
region,South East,E12000008,2021-03-19,114844,5942084
region,South East,E12000008,2021-03-18,218457,5827240
region,South East,E12000008,2021-03-17,253961,5608783
region,South East,E12000008,2021-03-16,187439,5354822
region,South East,E12000008,2021-03-15,270796,5167383
region,South East,E12000008,2021-03-14,161925,4896587
region,South East,E12000008,2021-03-13,38208,4734662
region,South East,E12000008,2021-03-12,209055,4696454
region,South East,E12000008,2021-03-11,246528,4487399
region,South East,E12000008,2021-03-10,238577,4240871
region,South East,E12000008,2021-03-09,208891,4002294
region,South East,E12000008,2021-03-08,265137,3793403
region,South East,E12000008,2021-03-07,128137,3528266
region,South East,E12000008,2021-03-06,39538,3400129
region,South East,E12000008,2021-03-05,129315,3360591
region,South East,E12000008,2021-03-04,138058,3231276
region,South East,E12000008,2021-03-03,104897,3093218
region,South East,E12000008,2021-03-02,72386,2988321
region,South East,E12000008,2021-03-01,104205,2915935
region,South East,E12000008,2021-02-28,63755,2811730
region,South East,E12000008,2021-02-27,21593,2747975
region,South East,E12000008,2021-02-26,56809,2726382
region,South East,E12000008,2021-02-25,76025,2669573
region,South East,E12000008,2021-02-24,73299,2593548
region,South East,E12000008,2021-02-23,55574,2520249
region,South East,E12000008,2021-02-22,93937,2464675
region,South East,E12000008,2021-02-21,65642,2370738
region,South East,E12000008,2021-02-20,22954,2305096
region,South East,E12000008,2021-02-19,40485,2282142
region,South East,E12000008,2021-02-18,42881,2241657
region,South East,E12000008,2021-02-17,41285,2198776
region,South East,E12000008,2021-02-16,37030,2157491
region,South East,E12000008,2021-02-15,51259,2120461
region,South East,E12000008,2021-02-14,37784,2069202
region,South East,E12000008,2021-02-13,22331,2031418
region,South East,E12000008,2021-02-12,52205,2009087
region,South East,E12000008,2021-02-11,69645,1956882
region,South East,E12000008,2021-02-10,73564,1887237
region,South East,E12000008,2021-02-09,49810,1813673
region,South East,E12000008,2021-02-08,81126,1763863
region,South East,E12000008,2021-02-07,64345,1682737
region,South East,E12000008,2021-02-06,26734,1618392
region,South East,E12000008,2021-02-05,58241,1591658
region,South East,E12000008,2021-02-04,78174,1533417
region,South East,E12000008,2021-02-03,82655,1455243
region,South East,E12000008,2021-02-02,61755,1372588
region,South East,E12000008,2021-02-01,89388,1310833
region,South East,E12000008,2021-01-31,65638,1221445
region,South East,E12000008,2021-01-30,25330,1155807
region,South East,E12000008,2021-01-29,53462,1130477
region,South East,E12000008,2021-01-28,68480,1077015
region,South East,E12000008,2021-01-27,67736,1008535
region,South East,E12000008,2021-01-26,51721,940799
region,South East,E12000008,2021-01-25,70941,889078
region,South East,E12000008,2021-01-24,34987,818137
region,South East,E12000008,2021-01-23,22815,783150
region,South East,E12000008,2021-01-22,44144,760335
region,South East,E12000008,2021-01-21,43788,716191
region,South East,E12000008,2021-01-20,40736,672403
region,South East,E12000008,2021-01-19,43113,631667
region,South East,E12000008,2021-01-18,57030,588554
region,South East,E12000008,2021-01-17,24486,531524
region,South East,E12000008,2021-01-16,20801,507038
region,South East,E12000008,2021-01-15,35642,486237
region,South East,E12000008,2021-01-14,33307,450595
region,South East,E12000008,2021-01-13,31072,417288
region,South East,E12000008,2021-01-12,33518,386216
region,South East,E12000008,2021-01-11,44550,352698
region,South East,E12000008,2021-01-10,19620,308148
region,South East,E12000008,2021-01-09,17437,288528
region,South East,E12000008,2021-01-08,29135,271091
region,South East,E12000008,2021-01-07,23658,241956
region,South East,E12000008,2021-01-06,15790,218298
region,South East,E12000008,2021-01-05,17045,202508
region,South East,E12000008,2021-01-04,17995,185463
region,South East,E12000008,2021-01-03,7532,167468
region,South East,E12000008,2021-01-02,6681,159936
region,South East,E12000008,2021-01-01,4176,153255
region,South East,E12000008,2020-12-31,8797,149079
region,South East,E12000008,2020-12-30,9573,140282
region,South East,E12000008,2020-12-29,8816,130709
region,South East,E12000008,2020-12-28,5249,121893
region,South East,E12000008,2020-12-27,3146,116644
region,South East,E12000008,2020-12-26,1511,113498
region,South East,E12000008,2020-12-25,1138,111987
region,South East,E12000008,2020-12-24,4076,110849
region,South East,E12000008,2020-12-23,4674,106773
region,South East,E12000008,2020-12-22,4567,102099
region,South East,E12000008,2020-12-21,4246,97532
region,South East,E12000008,2020-12-20,3309,93286
region,South East,E12000008,2020-12-19,2980,89977
region,South East,E12000008,2020-12-18,4029,86997
region,South East,E12000008,2020-12-17,2959,82968
region,South East,E12000008,2020-12-16,3080,80009
region,South East,E12000008,2020-12-15,3192,76929
region,South East,E12000008,2020-12-14,3594,73737
region,South East,E12000008,2020-12-13,1818,70143
region,South East,E12000008,2020-12-12,1995,68325
region,South East,E12000008,2020-12-11,5448,66330
region,South East,E12000008,2020-12-10,3775,60882
region,South East,E12000008,2020-12-09,5430,57107
region,South East,E12000008,2020-12-08,6389,51677
region,South East,E12000008,2020-12-07,6682,45288
region,South East,E12000008,2020-12-06,3773,38606
region,South East,E12000008,2020-12-05,5104,34833
region,South East,E12000008,2020-12-04,7572,29729
region,South East,E12000008,2020-12-03,5992,22157
region,South East,E12000008,2020-12-02,4383,16165
region,South East,E12000008,2020-12-01,4652,11782
region,South East,E12000008,2020-11-30,4550,7130
region,South East,E12000008,2020-11-29,189,2580
region,South East,E12000008,2020-11-28,146,2391
region,South East,E12000008,2020-11-27,427,2245
region,South East,E12000008,2020-11-26,279,1818
region,South East,E12000008,2020-11-25,126,1539
region,South East,E12000008,2020-11-24,121,1413
region,South East,E12000008,2020-11-23,110,1292
region,South East,E12000008,2020-11-22,17,1182
region,South East,E12000008,2020-11-21,20,1165
region,South East,E12000008,2020-11-20,104,1145
region,South East,E12000008,2020-11-19,152,1041
region,South East,E12000008,2020-11-18,156,889
region,South East,E12000008,2020-11-17,161,733
region,South East,E12000008,2020-11-16,147,572
region,South East,E12000008,2020-11-15,6,425
region,South East,E12000008,2020-11-14,18,419
region,South East,E12000008,2020-11-13,52,401
region,South East,E12000008,2020-11-12,44,349
region,South East,E12000008,2020-11-11,66,305
region,South East,E12000008,2020-11-10,38,239
region,South East,E12000008,2020-11-09,41,201
region,South East,E12000008,2020-11-08,7,160
region,South East,E12000008,2020-11-07,10,153
region,South East,E12000008,2020-11-06,24,143
region,South East,E12000008,2020-11-05,39,119
region,South East,E12000008,2020-11-04,51,80
region,South East,E12000008,2020-11-03,13,29
region,South East,E12000008,2020-11-02,7,16
region,South East,E12000008,2020-11-01,0,9
region,South East,E12000008,2020-10-31,0,9
region,South East,E12000008,2020-10-30,0,9
region,South East,E12000008,2020-10-29,3,9
region,South East,E12000008,2020-10-28,0,6
region,South East,E12000008,2020-10-27,0,6
region,South East,E12000008,2020-10-26,0,6
region,South East,E12000008,2020-10-25,0,6
region,South East,E12000008,2020-10-24,0,6
region,South East,E12000008,2020-10-23,4,6
