areaType,areaName,areaCode,date,newLFDTests,cumLFDTests
region,South West,E12000009,2021-07-19,95192,13886388
region,South West,E12000009,2021-07-18,109669,13791196
region,South West,E12000009,2021-07-17,49006,13681527
region,South West,E12000009,2021-07-16,68706,13632521
region,South West,E12000009,2021-07-15,97044,13563815
region,South West,E12000009,2021-07-14,106486,13466771
region,South West,E12000009,2021-07-13,68219,13360285
region,South West,E12000009,2021-07-12,101832,13292066
region,South West,E12000009,2021-07-11,108165,13190234
region,South West,E12000009,2021-07-10,44245,13082069
region,South West,E12000009,2021-07-09,64510,13037824
region,South West,E12000009,2021-07-08,94821,12973314
region,South West,E12000009,2021-07-07,107452,12878493
region,South West,E12000009,2021-07-06,69130,12771041
region,South West,E12000009,2021-07-05,107079,12701911
region,South West,E12000009,2021-07-04,123811,12594832
region,South West,E12000009,2021-07-03,43107,12471021
region,South West,E12000009,2021-07-02,61310,12427914
region,South West,E12000009,2021-07-01,95450,12366604
region,South West,E12000009,2021-06-30,108644,12271154
region,South West,E12000009,2021-06-29,65390,12162510
region,South West,E12000009,2021-06-28,106511,12097120
region,South West,E12000009,2021-06-27,126876,11990609
region,South West,E12000009,2021-06-26,37172,11863733
region,South West,E12000009,2021-06-25,59893,11826561
region,South West,E12000009,2021-06-24,93706,11766668
region,South West,E12000009,2021-06-23,107188,11672962
region,South West,E12000009,2021-06-22,62857,11565774
region,South West,E12000009,2021-06-21,103742,11502917
region,South West,E12000009,2021-06-20,125826,11399175
region,South West,E12000009,2021-06-19,41209,11273349
region,South West,E12000009,2021-06-18,58547,11232140
region,South West,E12000009,2021-06-17,92175,11173593
region,South West,E12000009,2021-06-16,103974,11081418
region,South West,E12000009,2021-06-15,58353,10977444
region,South West,E12000009,2021-06-14,100179,10919091
region,South West,E12000009,2021-06-13,112532,10818912
region,South West,E12000009,2021-06-12,31988,10706380
region,South West,E12000009,2021-06-11,54552,10674392
region,South West,E12000009,2021-06-10,83486,10619840
region,South West,E12000009,2021-06-09,99635,10536354
region,South West,E12000009,2021-06-08,53629,10436719
region,South West,E12000009,2021-06-07,95882,10383090
region,South West,E12000009,2021-06-06,133371,10287208
region,South West,E12000009,2021-06-05,29198,10153837
region,South West,E12000009,2021-06-04,46036,10124639
region,South West,E12000009,2021-06-03,66041,10078603
region,South West,E12000009,2021-06-02,72939,10012562
region,South West,E12000009,2021-06-01,55973,9939623
region,South West,E12000009,2021-05-31,64513,9883650
region,South West,E12000009,2021-05-30,60444,9819137
region,South West,E12000009,2021-05-29,27589,9758693
region,South West,E12000009,2021-05-28,48282,9731104
region,South West,E12000009,2021-05-27,82533,9682822
region,South West,E12000009,2021-05-26,102256,9600289
region,South West,E12000009,2021-05-25,55284,9498033
region,South West,E12000009,2021-05-24,102307,9442749
region,South West,E12000009,2021-05-23,133418,9340442
region,South West,E12000009,2021-05-22,30134,9207024
region,South West,E12000009,2021-05-21,52674,9176890
region,South West,E12000009,2021-05-20,94555,9124216
region,South West,E12000009,2021-05-19,111724,9029661
region,South West,E12000009,2021-05-18,56590,8917937
region,South West,E12000009,2021-05-17,108516,8861347
region,South West,E12000009,2021-05-16,134507,8752831
region,South West,E12000009,2021-05-15,27359,8618324
region,South West,E12000009,2021-05-14,50079,8590965
region,South West,E12000009,2021-05-13,94611,8540886
region,South West,E12000009,2021-05-12,118126,8446275
region,South West,E12000009,2021-05-11,56348,8328149
region,South West,E12000009,2021-05-10,106699,8271801
region,South West,E12000009,2021-05-09,152826,8165102
region,South West,E12000009,2021-05-08,29999,8012276
region,South West,E12000009,2021-05-07,54066,7982277
region,South West,E12000009,2021-05-06,97334,7928211
region,South West,E12000009,2021-05-05,120745,7830877
region,South West,E12000009,2021-05-04,84438,7710132
region,South West,E12000009,2021-05-03,130746,7625694
region,South West,E12000009,2021-05-02,93941,7494948
region,South West,E12000009,2021-05-01,27727,7401007
region,South West,E12000009,2021-04-30,51561,7373280
region,South West,E12000009,2021-04-29,103288,7321719
region,South West,E12000009,2021-04-28,137153,7218431
region,South West,E12000009,2021-04-27,59975,7081278
region,South West,E12000009,2021-04-26,114840,7021303
region,South West,E12000009,2021-04-25,170918,6906463
region,South West,E12000009,2021-04-24,29127,6735545
region,South West,E12000009,2021-04-23,54623,6706418
region,South West,E12000009,2021-04-22,109147,6651795
region,South West,E12000009,2021-04-21,140657,6542648
region,South West,E12000009,2021-04-20,57575,6401991
region,South West,E12000009,2021-04-19,114790,6344416
region,South West,E12000009,2021-04-18,203738,6229626
region,South West,E12000009,2021-04-17,29745,6025888
region,South West,E12000009,2021-04-16,52238,5996143
region,South West,E12000009,2021-04-15,90644,5943905
region,South West,E12000009,2021-04-14,102303,5853261
region,South West,E12000009,2021-04-13,53513,5750958
region,South West,E12000009,2021-04-12,93486,5697445
region,South West,E12000009,2021-04-11,111305,5603959
region,South West,E12000009,2021-04-10,27258,5492654
region,South West,E12000009,2021-04-09,47548,5465396
region,South West,E12000009,2021-04-08,84116,5417848
region,South West,E12000009,2021-04-07,100818,5333732
region,South West,E12000009,2021-04-06,55417,5232914
region,South West,E12000009,2021-04-05,88003,5177497
region,South West,E12000009,2021-04-04,95763,5089494
region,South West,E12000009,2021-04-03,23436,4993731
region,South West,E12000009,2021-04-02,36082,4970295
region,South West,E12000009,2021-04-01,84940,4934213
region,South West,E12000009,2021-03-31,140768,4849273
region,South West,E12000009,2021-03-30,34575,4708505
region,South West,E12000009,2021-03-29,37130,4673930
region,South West,E12000009,2021-03-28,283652,4636800
region,South West,E12000009,2021-03-27,21919,4353148
region,South West,E12000009,2021-03-26,51828,4331229
region,South West,E12000009,2021-03-25,116669,4279401
region,South West,E12000009,2021-03-24,179555,4162732
region,South West,E12000009,2021-03-23,63596,3983177
region,South West,E12000009,2021-03-22,121068,3919581
region,South West,E12000009,2021-03-21,205340,3798513
region,South West,E12000009,2021-03-20,22091,3593173
region,South West,E12000009,2021-03-19,65671,3571082
region,South West,E12000009,2021-03-18,131520,3505411
region,South West,E12000009,2021-03-17,154318,3373891
region,South West,E12000009,2021-03-16,112508,3219573
region,South West,E12000009,2021-03-15,164403,3107065
region,South West,E12000009,2021-03-14,98924,2942662
region,South West,E12000009,2021-03-13,18348,2843738
region,South West,E12000009,2021-03-12,124851,2825390
region,South West,E12000009,2021-03-11,154651,2700539
region,South West,E12000009,2021-03-10,136452,2545888
region,South West,E12000009,2021-03-09,126715,2409436
region,South West,E12000009,2021-03-08,164931,2282721
region,South West,E12000009,2021-03-07,74175,2117790
region,South West,E12000009,2021-03-06,17106,2043615
region,South West,E12000009,2021-03-05,73123,2026509
region,South West,E12000009,2021-03-04,86440,1953386
region,South West,E12000009,2021-03-03,65638,1866946
region,South West,E12000009,2021-03-02,46717,1801308
region,South West,E12000009,2021-03-01,70499,1754591
region,South West,E12000009,2021-02-28,41276,1684092
region,South West,E12000009,2021-02-27,10590,1642816
region,South West,E12000009,2021-02-26,34960,1632226
region,South West,E12000009,2021-02-25,53234,1597266
region,South West,E12000009,2021-02-24,48245,1544032
region,South West,E12000009,2021-02-23,37746,1495787
region,South West,E12000009,2021-02-22,63470,1458041
region,South West,E12000009,2021-02-21,41825,1394571
region,South West,E12000009,2021-02-20,10936,1352746
region,South West,E12000009,2021-02-19,23905,1341810
region,South West,E12000009,2021-02-18,29145,1317905
region,South West,E12000009,2021-02-17,25348,1288760
region,South West,E12000009,2021-02-16,24213,1263412
region,South West,E12000009,2021-02-15,33734,1239199
region,South West,E12000009,2021-02-14,22608,1205465
region,South West,E12000009,2021-02-13,10740,1182857
region,South West,E12000009,2021-02-12,32775,1172117
region,South West,E12000009,2021-02-11,50886,1139342
region,South West,E12000009,2021-02-10,49098,1088456
region,South West,E12000009,2021-02-09,36886,1039358
region,South West,E12000009,2021-02-08,60707,1002472
region,South West,E12000009,2021-02-07,42497,941765
region,South West,E12000009,2021-02-06,11398,899268
region,South West,E12000009,2021-02-05,34384,887870
region,South West,E12000009,2021-02-04,50199,853486
region,South West,E12000009,2021-02-03,50421,803287
region,South West,E12000009,2021-02-02,36160,752866
region,South West,E12000009,2021-02-01,57672,716706
region,South West,E12000009,2021-01-31,41469,659034
region,South West,E12000009,2021-01-30,10686,617565
region,South West,E12000009,2021-01-29,31393,606879
region,South West,E12000009,2021-01-28,44773,575486
region,South West,E12000009,2021-01-27,43988,530713
region,South West,E12000009,2021-01-26,32645,486725
region,South West,E12000009,2021-01-25,46021,454080
region,South West,E12000009,2021-01-24,18191,408059
region,South West,E12000009,2021-01-23,8475,389868
region,South West,E12000009,2021-01-22,24283,381393
region,South West,E12000009,2021-01-21,27021,357110
region,South West,E12000009,2021-01-20,23355,330089
region,South West,E12000009,2021-01-19,26710,306734
region,South West,E12000009,2021-01-18,36412,280024
region,South West,E12000009,2021-01-17,10527,243612
region,South West,E12000009,2021-01-16,6191,233085
region,South West,E12000009,2021-01-15,18577,226894
region,South West,E12000009,2021-01-14,19931,208317
region,South West,E12000009,2021-01-13,16373,188386
region,South West,E12000009,2021-01-12,17732,172013
region,South West,E12000009,2021-01-11,24318,154281
region,South West,E12000009,2021-01-10,5260,129963
region,South West,E12000009,2021-01-09,3325,124703
region,South West,E12000009,2021-01-08,13202,121378
region,South West,E12000009,2021-01-07,12394,108176
region,South West,E12000009,2021-01-06,9939,95782
region,South West,E12000009,2021-01-05,10256,85843
region,South West,E12000009,2021-01-04,9652,75587
region,South West,E12000009,2021-01-03,1871,65935
region,South West,E12000009,2021-01-02,1324,64064
region,South West,E12000009,2021-01-01,1308,62740
region,South West,E12000009,2020-12-31,2683,61432
region,South West,E12000009,2020-12-30,2785,58749
region,South West,E12000009,2020-12-29,2913,55964
region,South West,E12000009,2020-12-28,1784,53051
region,South West,E12000009,2020-12-27,614,51267
region,South West,E12000009,2020-12-26,555,50653
region,South West,E12000009,2020-12-25,620,50098
region,South West,E12000009,2020-12-24,1309,49478
region,South West,E12000009,2020-12-23,1036,48169
region,South West,E12000009,2020-12-22,938,47133
region,South West,E12000009,2020-12-21,666,46195
region,South West,E12000009,2020-12-20,195,45529
region,South West,E12000009,2020-12-19,229,45334
region,South West,E12000009,2020-12-18,1078,45105
region,South West,E12000009,2020-12-17,988,44027
region,South West,E12000009,2020-12-16,587,43039
region,South West,E12000009,2020-12-15,867,42452
region,South West,E12000009,2020-12-14,1400,41585
region,South West,E12000009,2020-12-13,346,40185
region,South West,E12000009,2020-12-12,408,39839
region,South West,E12000009,2020-12-11,1474,39431
region,South West,E12000009,2020-12-10,1023,37957
region,South West,E12000009,2020-12-09,3068,36934
region,South West,E12000009,2020-12-08,3662,33866
region,South West,E12000009,2020-12-07,3535,30204
region,South West,E12000009,2020-12-06,3468,26669
region,South West,E12000009,2020-12-05,3725,23201
region,South West,E12000009,2020-12-04,4840,19476
region,South West,E12000009,2020-12-03,4296,14636
region,South West,E12000009,2020-12-02,3302,10340
region,South West,E12000009,2020-12-01,3295,7038
region,South West,E12000009,2020-11-30,3162,3743
region,South West,E12000009,2020-11-29,33,581
region,South West,E12000009,2020-11-28,34,548
region,South West,E12000009,2020-11-27,45,514
region,South West,E12000009,2020-11-26,25,469
region,South West,E12000009,2020-11-25,36,444
region,South West,E12000009,2020-11-24,32,408
region,South West,E12000009,2020-11-23,30,376
region,South West,E12000009,2020-11-22,6,346
region,South West,E12000009,2020-11-21,5,340
region,South West,E12000009,2020-11-20,42,335
region,South West,E12000009,2020-11-19,23,293
region,South West,E12000009,2020-11-18,90,270
region,South West,E12000009,2020-11-17,18,180
region,South West,E12000009,2020-11-16,14,162
region,South West,E12000009,2020-11-15,9,148
region,South West,E12000009,2020-11-14,8,139
region,South West,E12000009,2020-11-13,9,131
region,South West,E12000009,2020-11-12,13,122
region,South West,E12000009,2020-11-11,14,109
region,South West,E12000009,2020-11-10,35,95
region,South West,E12000009,2020-11-09,19,60
region,South West,E12000009,2020-11-08,13,41
region,South West,E12000009,2020-11-07,21,28
region,South West,E12000009,2020-11-06,6,7
