areaType,areaName,areaCode,date,newLFDTests,cumLFDTests
region,West Midlands,E12000005,2021-07-19,73473,12448164
region,West Midlands,E12000005,2021-07-18,81975,12374691
region,West Midlands,E12000005,2021-07-17,43093,12292716
region,West Midlands,E12000005,2021-07-16,59537,12249623
region,West Midlands,E12000005,2021-07-15,81288,12190086
region,West Midlands,E12000005,2021-07-14,89774,12108798
region,West Midlands,E12000005,2021-07-13,61782,12019024
region,West Midlands,E12000005,2021-07-12,88661,11957242
region,West Midlands,E12000005,2021-07-11,87927,11868581
region,West Midlands,E12000005,2021-07-10,36276,11780654
region,West Midlands,E12000005,2021-07-09,53056,11744378
region,West Midlands,E12000005,2021-07-08,75801,11691322
region,West Midlands,E12000005,2021-07-07,91171,11615521
region,West Midlands,E12000005,2021-07-06,60906,11524350
region,West Midlands,E12000005,2021-07-05,89225,11463444
region,West Midlands,E12000005,2021-07-04,104351,11374219
region,West Midlands,E12000005,2021-07-03,35272,11269868
region,West Midlands,E12000005,2021-07-02,52429,11234596
region,West Midlands,E12000005,2021-07-01,78362,11182167
region,West Midlands,E12000005,2021-06-30,95616,11103805
region,West Midlands,E12000005,2021-06-29,56446,11008189
region,West Midlands,E12000005,2021-06-28,91310,10951743
region,West Midlands,E12000005,2021-06-27,105277,10860433
region,West Midlands,E12000005,2021-06-26,32243,10755156
region,West Midlands,E12000005,2021-06-25,50697,10722913
region,West Midlands,E12000005,2021-06-24,78031,10672216
region,West Midlands,E12000005,2021-06-23,90439,10594185
region,West Midlands,E12000005,2021-06-22,50064,10503746
region,West Midlands,E12000005,2021-06-21,83522,10453682
region,West Midlands,E12000005,2021-06-20,101205,10370160
region,West Midlands,E12000005,2021-06-19,27775,10268955
region,West Midlands,E12000005,2021-06-18,46158,10241180
region,West Midlands,E12000005,2021-06-17,73091,10195022
region,West Midlands,E12000005,2021-06-16,85524,10121931
region,West Midlands,E12000005,2021-06-15,48402,10036407
region,West Midlands,E12000005,2021-06-14,83692,9988005
region,West Midlands,E12000005,2021-06-13,94157,9904313
region,West Midlands,E12000005,2021-06-12,29145,9810156
region,West Midlands,E12000005,2021-06-11,51042,9781011
region,West Midlands,E12000005,2021-06-10,74793,9729969
region,West Midlands,E12000005,2021-06-09,91777,9655176
region,West Midlands,E12000005,2021-06-08,44958,9563399
region,West Midlands,E12000005,2021-06-07,80031,9518441
region,West Midlands,E12000005,2021-06-06,117606,9438410
region,West Midlands,E12000005,2021-06-05,27996,9320804
region,West Midlands,E12000005,2021-06-04,42098,9292808
region,West Midlands,E12000005,2021-06-03,54893,9250710
region,West Midlands,E12000005,2021-06-02,60562,9195817
region,West Midlands,E12000005,2021-06-01,48657,9135255
region,West Midlands,E12000005,2021-05-31,50148,9086598
region,West Midlands,E12000005,2021-05-30,49432,9036450
region,West Midlands,E12000005,2021-05-29,25234,8987018
region,West Midlands,E12000005,2021-05-28,41244,8961784
region,West Midlands,E12000005,2021-05-27,68387,8920540
region,West Midlands,E12000005,2021-05-26,89911,8852153
region,West Midlands,E12000005,2021-05-25,46633,8762242
region,West Midlands,E12000005,2021-05-24,84742,8715609
region,West Midlands,E12000005,2021-05-23,114229,8630867
region,West Midlands,E12000005,2021-05-22,27780,8516638
region,West Midlands,E12000005,2021-05-21,44426,8488858
region,West Midlands,E12000005,2021-05-20,77777,8444432
region,West Midlands,E12000005,2021-05-19,99082,8366655
region,West Midlands,E12000005,2021-05-18,48899,8267573
region,West Midlands,E12000005,2021-05-17,89783,8218674
region,West Midlands,E12000005,2021-05-16,114784,8128891
region,West Midlands,E12000005,2021-05-15,23933,8014107
region,West Midlands,E12000005,2021-05-14,41690,7990174
region,West Midlands,E12000005,2021-05-13,76890,7948484
region,West Midlands,E12000005,2021-05-12,100354,7871594
region,West Midlands,E12000005,2021-05-11,46719,7771240
region,West Midlands,E12000005,2021-05-10,88386,7724521
region,West Midlands,E12000005,2021-05-09,129465,7636135
region,West Midlands,E12000005,2021-05-08,25177,7506670
region,West Midlands,E12000005,2021-05-07,44746,7481493
region,West Midlands,E12000005,2021-05-06,80224,7436747
region,West Midlands,E12000005,2021-05-05,103122,7356523
region,West Midlands,E12000005,2021-05-04,72561,7253401
region,West Midlands,E12000005,2021-05-03,108468,7180840
region,West Midlands,E12000005,2021-05-02,77028,7072372
region,West Midlands,E12000005,2021-05-01,25097,6995344
region,West Midlands,E12000005,2021-04-30,42580,6970247
region,West Midlands,E12000005,2021-04-29,84621,6927667
region,West Midlands,E12000005,2021-04-28,118670,6843046
region,West Midlands,E12000005,2021-04-27,51388,6724376
region,West Midlands,E12000005,2021-04-26,95121,6672988
region,West Midlands,E12000005,2021-04-25,146108,6577867
region,West Midlands,E12000005,2021-04-24,25186,6431759
region,West Midlands,E12000005,2021-04-23,43568,6406573
region,West Midlands,E12000005,2021-04-22,88933,6363005
region,West Midlands,E12000005,2021-04-21,121979,6274072
region,West Midlands,E12000005,2021-04-20,48969,6152093
region,West Midlands,E12000005,2021-04-19,97251,6103124
region,West Midlands,E12000005,2021-04-18,174986,6005873
region,West Midlands,E12000005,2021-04-17,24527,5830887
region,West Midlands,E12000005,2021-04-16,42671,5806360
region,West Midlands,E12000005,2021-04-15,72814,5763689
region,West Midlands,E12000005,2021-04-14,85739,5690875
region,West Midlands,E12000005,2021-04-13,43583,5605136
region,West Midlands,E12000005,2021-04-12,75829,5561553
region,West Midlands,E12000005,2021-04-11,92722,5485724
region,West Midlands,E12000005,2021-04-10,23523,5393002
region,West Midlands,E12000005,2021-04-09,40715,5369479
region,West Midlands,E12000005,2021-04-08,69255,5328764
region,West Midlands,E12000005,2021-04-07,86179,5259509
region,West Midlands,E12000005,2021-04-06,48514,5173330
region,West Midlands,E12000005,2021-04-05,70912,5124816
region,West Midlands,E12000005,2021-04-04,78476,5053904
region,West Midlands,E12000005,2021-04-03,21606,4975428
region,West Midlands,E12000005,2021-04-02,29751,4953822
region,West Midlands,E12000005,2021-04-01,74361,4924071
region,West Midlands,E12000005,2021-03-31,125999,4849710
region,West Midlands,E12000005,2021-03-30,32700,4723711
region,West Midlands,E12000005,2021-03-29,35240,4691011
region,West Midlands,E12000005,2021-03-28,253272,4655771
region,West Midlands,E12000005,2021-03-27,20741,4402499
region,West Midlands,E12000005,2021-03-26,49124,4381758
region,West Midlands,E12000005,2021-03-25,105834,4332634
region,West Midlands,E12000005,2021-03-24,167717,4226800
region,West Midlands,E12000005,2021-03-23,61983,4059083
region,West Midlands,E12000005,2021-03-22,117498,3997100
region,West Midlands,E12000005,2021-03-21,192659,3879602
region,West Midlands,E12000005,2021-03-20,20353,3686943
region,West Midlands,E12000005,2021-03-19,70367,3666590
region,West Midlands,E12000005,2021-03-18,131994,3596223
region,West Midlands,E12000005,2021-03-17,152155,3464229
region,West Midlands,E12000005,2021-03-16,121132,3312074
region,West Midlands,E12000005,2021-03-15,165665,3190942
region,West Midlands,E12000005,2021-03-14,87776,3025277
region,West Midlands,E12000005,2021-03-13,19448,2937501
region,West Midlands,E12000005,2021-03-12,130986,2918053
region,West Midlands,E12000005,2021-03-11,153081,2787067
region,West Midlands,E12000005,2021-03-10,140935,2633986
region,West Midlands,E12000005,2021-03-09,129196,2493051
region,West Midlands,E12000005,2021-03-08,160776,2363855
region,West Midlands,E12000005,2021-03-07,69511,2203079
region,West Midlands,E12000005,2021-03-06,20115,2133568
region,West Midlands,E12000005,2021-03-05,72277,2113453
region,West Midlands,E12000005,2021-03-04,78862,2041176
region,West Midlands,E12000005,2021-03-03,60486,1962314
region,West Midlands,E12000005,2021-03-02,47140,1901828
region,West Midlands,E12000005,2021-03-01,67075,1854688
region,West Midlands,E12000005,2021-02-28,40852,1787613
region,West Midlands,E12000005,2021-02-27,14497,1746761
region,West Midlands,E12000005,2021-02-26,38374,1732264
region,West Midlands,E12000005,2021-02-25,49820,1693890
region,West Midlands,E12000005,2021-02-24,50294,1644070
region,West Midlands,E12000005,2021-02-23,37398,1593776
region,West Midlands,E12000005,2021-02-22,61414,1556378
region,West Midlands,E12000005,2021-02-21,43806,1494964
region,West Midlands,E12000005,2021-02-20,15848,1451158
region,West Midlands,E12000005,2021-02-19,28321,1435310
region,West Midlands,E12000005,2021-02-18,29913,1406989
region,West Midlands,E12000005,2021-02-17,28448,1377076
region,West Midlands,E12000005,2021-02-16,25963,1348628
region,West Midlands,E12000005,2021-02-15,34462,1322665
region,West Midlands,E12000005,2021-02-14,23825,1288203
region,West Midlands,E12000005,2021-02-13,13885,1264378
region,West Midlands,E12000005,2021-02-12,35968,1250493
region,West Midlands,E12000005,2021-02-11,47094,1214525
region,West Midlands,E12000005,2021-02-10,48678,1167431
region,West Midlands,E12000005,2021-02-09,35606,1118753
region,West Midlands,E12000005,2021-02-08,57085,1083147
region,West Midlands,E12000005,2021-02-07,41618,1026062
region,West Midlands,E12000005,2021-02-06,14506,984444
region,West Midlands,E12000005,2021-02-05,36656,969938
region,West Midlands,E12000005,2021-02-04,47626,933282
region,West Midlands,E12000005,2021-02-03,50411,885656
region,West Midlands,E12000005,2021-02-02,36491,835245
region,West Midlands,E12000005,2021-02-01,53219,798754
region,West Midlands,E12000005,2021-01-31,38265,745535
region,West Midlands,E12000005,2021-01-30,12659,707270
region,West Midlands,E12000005,2021-01-29,33552,694611
region,West Midlands,E12000005,2021-01-28,40089,661059
region,West Midlands,E12000005,2021-01-27,42847,620970
region,West Midlands,E12000005,2021-01-26,34241,578123
region,West Midlands,E12000005,2021-01-25,31823,543882
region,West Midlands,E12000005,2021-01-24,17890,512059
region,West Midlands,E12000005,2021-01-23,11852,494169
region,West Midlands,E12000005,2021-01-22,28452,482317
region,West Midlands,E12000005,2021-01-21,28268,453865
region,West Midlands,E12000005,2021-01-20,26038,425597
region,West Midlands,E12000005,2021-01-19,27730,399559
region,West Midlands,E12000005,2021-01-18,36358,371829
region,West Midlands,E12000005,2021-01-17,12474,335471
region,West Midlands,E12000005,2021-01-16,10306,322997
region,West Midlands,E12000005,2021-01-15,22832,312691
region,West Midlands,E12000005,2021-01-14,21801,289859
region,West Midlands,E12000005,2021-01-13,18800,268058
region,West Midlands,E12000005,2021-01-12,20546,249258
region,West Midlands,E12000005,2021-01-11,25458,228712
region,West Midlands,E12000005,2021-01-10,7628,203254
region,West Midlands,E12000005,2021-01-09,6378,195626
region,West Midlands,E12000005,2021-01-08,14781,189248
region,West Midlands,E12000005,2021-01-07,12910,174467
region,West Midlands,E12000005,2021-01-06,11067,161557
region,West Midlands,E12000005,2021-01-05,11919,150490
region,West Midlands,E12000005,2021-01-04,12412,138571
region,West Midlands,E12000005,2021-01-03,4946,126159
region,West Midlands,E12000005,2021-01-02,5025,121213
region,West Midlands,E12000005,2021-01-01,1240,116188
region,West Midlands,E12000005,2020-12-31,5281,114948
region,West Midlands,E12000005,2020-12-30,7163,109667
region,West Midlands,E12000005,2020-12-29,6347,102504
region,West Midlands,E12000005,2020-12-28,2490,96157
region,West Midlands,E12000005,2020-12-27,1848,93667
region,West Midlands,E12000005,2020-12-26,570,91819
region,West Midlands,E12000005,2020-12-25,542,91249
region,West Midlands,E12000005,2020-12-24,6816,90707
region,West Midlands,E12000005,2020-12-23,8593,83891
region,West Midlands,E12000005,2020-12-22,6463,75298
region,West Midlands,E12000005,2020-12-21,5273,68835
region,West Midlands,E12000005,2020-12-20,2277,63562
region,West Midlands,E12000005,2020-12-19,2230,61285
region,West Midlands,E12000005,2020-12-18,3374,59055
region,West Midlands,E12000005,2020-12-17,2519,55681
region,West Midlands,E12000005,2020-12-16,2409,53162
region,West Midlands,E12000005,2020-12-15,2340,50753
region,West Midlands,E12000005,2020-12-14,2449,48413
region,West Midlands,E12000005,2020-12-13,559,45964
region,West Midlands,E12000005,2020-12-12,1124,45405
region,West Midlands,E12000005,2020-12-11,2704,44281
region,West Midlands,E12000005,2020-12-10,2606,41577
region,West Midlands,E12000005,2020-12-09,4753,38971
region,West Midlands,E12000005,2020-12-08,4381,34218
region,West Midlands,E12000005,2020-12-07,3425,29837
region,West Midlands,E12000005,2020-12-06,1822,26412
region,West Midlands,E12000005,2020-12-05,2661,24590
region,West Midlands,E12000005,2020-12-04,4314,21929
region,West Midlands,E12000005,2020-12-03,3477,17615
region,West Midlands,E12000005,2020-12-02,2842,14138
region,West Midlands,E12000005,2020-12-01,2608,11296
region,West Midlands,E12000005,2020-11-30,3085,8688
region,West Midlands,E12000005,2020-11-29,234,5603
region,West Midlands,E12000005,2020-11-28,436,5369
region,West Midlands,E12000005,2020-11-27,677,4933
region,West Midlands,E12000005,2020-11-26,463,4256
region,West Midlands,E12000005,2020-11-25,449,3793
region,West Midlands,E12000005,2020-11-24,467,3344
region,West Midlands,E12000005,2020-11-23,430,2877
region,West Midlands,E12000005,2020-11-22,170,2447
region,West Midlands,E12000005,2020-11-21,228,2277
region,West Midlands,E12000005,2020-11-20,430,2049
region,West Midlands,E12000005,2020-11-19,252,1619
region,West Midlands,E12000005,2020-11-18,127,1367
region,West Midlands,E12000005,2020-11-17,157,1240
region,West Midlands,E12000005,2020-11-16,133,1083
region,West Midlands,E12000005,2020-11-15,10,950
region,West Midlands,E12000005,2020-11-14,32,940
region,West Midlands,E12000005,2020-11-13,197,908
region,West Midlands,E12000005,2020-11-12,78,711
region,West Midlands,E12000005,2020-11-11,79,633
region,West Midlands,E12000005,2020-11-10,78,554
region,West Midlands,E12000005,2020-11-09,93,476
region,West Midlands,E12000005,2020-11-08,5,383
region,West Midlands,E12000005,2020-11-07,9,378
region,West Midlands,E12000005,2020-11-06,45,369
region,West Midlands,E12000005,2020-11-05,53,324
region,West Midlands,E12000005,2020-11-04,66,271
region,West Midlands,E12000005,2020-11-03,93,205
region,West Midlands,E12000005,2020-11-02,0,112
region,West Midlands,E12000005,2020-11-01,0,112
region,West Midlands,E12000005,2020-10-31,0,112
region,West Midlands,E12000005,2020-10-30,64,112
region,West Midlands,E12000005,2020-10-29,0,48
region,West Midlands,E12000005,2020-10-28,47,48
